time (ns)   horizontal Rotation (rad)   vertical Rotation (rad) @ 10 K
    0.0000          0.00000000          0.00000000  
    0.2000          1.69682212         -0.35536856  
    0.4000          0.59520912         -0.40111501  
    0.6000         -1.33073634         -0.27766363  
    0.8000         -1.41725065         -0.34225074  
    1.0000         -1.49961494         -0.32973850  
    1.2000          5.05958578         -0.38608336  
    1.4000         12.63350482         -0.26964520  
    1.6000         15.09233008         -0.36738733  
    1.8000         15.28163777         -0.29694048  
    2.0000         19.25137020         -0.25297184  
    2.2000         18.09040318         -0.34773605  
    2.4000         18.41064302         -0.30259350  
    2.6000         18.13926500         -0.36457140  
    2.8000         18.09124537         -0.42321323  
    3.0000         11.18141008         -0.36306941  
    3.2000          7.87125601         -0.42950748  
    3.4000          7.76059012         -0.32381196  
    3.6000          7.72368898         -0.34927158  
    3.8000          7.84814906         -0.33389406  
    4.0000          7.63957388         -0.28086664  
    4.2000          5.42791351         -0.36915157  
    4.4000         14.33690869         -0.28397813  
    4.6000         17.52212917         -0.35824135  
    4.8000         14.94411576         -0.41973378  
    5.0000         15.08089319         -0.33851862  
    5.2000         15.12542915         -0.40945679  
    5.4000         14.95119631         -0.34739938  
    5.6000         15.16641108         -0.42269976  
    5.8000         14.85201852         -0.37028624  
    6.0000         14.96072316         -0.43270253  
    6.2000         15.20181119         -0.33036386  
    6.4000         11.70666409         -0.34162374  
    6.6000          3.80139616         -0.42442850  
    6.8000         -0.55923062         -0.35740092  
    7.0000         -0.50036262         -0.36723304  
    7.2000         -0.28653552         -0.35597150  
    7.4000          8.47704279         -0.35979815  
    7.6000         22.79224171         -0.45338370  
    7.8000         26.77471619         -0.32704234  
    8.0000         33.89065018         -0.37661635  
    8.2000         29.65499059         -0.37685228  
    8.4000         29.45167728         -0.42234833  
    8.6000         30.44440880         -0.41553042  
    8.8000         28.11808921         -0.36919060  
    9.0000         34.16669657         -0.38900908  
    9.2000         33.49615255         -0.36143726  
    9.4000         28.40114158         -0.06474453  
    9.6000         27.95852138         -0.43325192  
    9.8000         24.89672220         -0.41636498  
   10.0000         21.85806356         -0.31095980  
   10.2000         29.80450521         -0.40158852  
   10.4000         29.89582042         -0.29745311  
   10.6000         29.55110554         -0.43945519  
   10.8000         37.78598356         -0.38942057  
   11.0000         39.15347627         -0.30834329  
   11.2000         39.15839962         -0.34184097  
   11.4000         38.99709329         -0.33881168  
   11.6000         39.11177392         -0.31062380  
   11.8000         39.29193996         -0.28484115  
   12.0000         39.11571515         -0.40164402  
   12.2000         39.16131950         -0.31917163  
   12.4000         38.88702612         -0.39867402  
   12.6000         39.13400563         -0.30050333  
   12.8000         38.90514135         -0.42497461  
   13.0000         39.21658235         -0.35069924  
   13.2000         39.12679928         -0.40329048  
   13.4000         38.77371179         -0.37236765  
   13.6000         34.97113839         -0.35047801  
   13.8000         33.73508970         -0.33648110  
   14.0000         33.05767831         -0.29446576  
   14.2000         30.61402668         -0.29199129  
   14.4000         30.35828035         -0.32278359  
   14.6000         29.88680156         -0.33541290  
   14.8000         47.92197700         -0.41021567  
   15.0000         61.41584689         -0.34582476  
   15.2000         72.46289275         -0.40485331  
   15.4000         74.93404427         -0.35480605  
   15.6000         74.96633898         -0.36678591  
   15.8000         85.08255012         -0.26603129  
   16.0000         90.12911323         -0.32245197  
   16.2000         97.00963879         -0.37801650  
   16.4000        101.71507004         -0.30576817  
   16.6000        102.01578107         -0.26903090  
   16.8000        101.98646086         -0.31071544  
   17.0000        100.68072926         -0.37269286  
   17.2000         97.24297088         -0.37147281  
   17.4000         94.84532987         -0.34749367  
   17.6000         86.98674712         -0.31968204  
   17.8000         87.35217373         -0.30704337  
   18.0000         87.15474295         -0.40052789  
   18.2000         87.31882233         -0.33927756  
   18.4000         87.12819615         -0.36882179  
   18.6000         87.27049887         -0.34298827  
   18.8000         87.22851591         -0.34720305  
   19.0000         87.28984381         -0.34993556  
   19.2000         87.34399231         -0.33002478  
   19.4000         87.33387034         -0.29724321  
   19.6000         87.37578579         -0.31692430  
   19.8000         87.26686292         -0.36358558  
   20.0000         87.40956523         -0.36188712  
   20.2000         87.20788894         -0.33568256  
   20.4000         87.27183803         -0.37054465  
   20.6000         87.17402445         -0.32842116  
   20.8000         87.10610817         -0.39683287  
   21.0000         87.56265507         -0.21731059  
   21.2000         87.25472033         -0.29601277  
   21.4000         87.17587385         -0.33005139  
   21.6000         81.65111019         -0.34518429  
   21.8000         77.04174620         -0.33579621  
   22.0000         76.75426656         -0.32821763  
   22.2000         76.96294464         -0.30335298  
   22.4000         76.59855475         -0.32832127  
   22.6000         76.95516501         -0.31913212  
   22.8000         76.81853450         -0.31193583  
   23.0000         76.69099025         -0.28941994  
   23.2000         77.04028278         -0.40215900  
   23.4000         76.70839009         -0.35190089  
   23.6000         76.72961193         -0.27172518  
   23.8000         76.74560341         -0.30256346  
   24.0000         76.99362705         -0.30816110  
   24.2000         77.09435923         -0.31783091  
   24.4000         76.68600812         -0.38198412  
   24.6000         76.99089887         -0.35254189  
   24.8000         76.13609760         -0.28927567  
   25.0000         76.74606339         -0.37933773  
   25.2000         77.79863339         -0.25874835  
   25.4000         89.49612931         -0.28379656  
   25.6000         91.18283316         -0.28140047  
   25.8000         92.61179540         -0.30608264  
   26.0000         92.60758646         -0.35050550  
   26.2000         92.59505763         -0.33051777  
   26.4000         92.62824948         -0.31086695  
   26.6000         92.71714005         -0.30196301  
   26.8000         92.38730314         -0.32348944  
   27.0000         92.51778071         -0.34750348  
   27.2000         92.44117223         -0.35787018  
   27.4000         92.43818965         -0.30316018  
   27.6000         92.47646349         -0.27864066  
   27.8000         93.85068318         -0.23397808  
   28.0000         93.84882850         -0.29792341  
   28.2000         93.68315028         -0.29695139  
   28.4000         93.59888713         -0.33608793  
   28.6000         93.62438583         -0.28691697  
   28.8000         93.62585291         -0.28475647  
   29.0000         93.67335753         -0.22250817  
   29.2000         93.84722960         -0.42349019  
   29.4000         94.52472778         -0.28949279  
   29.6000         92.79588253         -0.38475807  
   29.8000         92.29342474         -0.37705342  
   30.0000         92.29379928         -0.38367592  
   30.2000         92.39776457         -0.32113607  
   30.4000         92.70301102         -0.38042560  
   30.6000         92.85365828         -0.36851394  
   30.8000         91.39112398         -0.38740499  
   31.0000         93.99611332         -0.33878882  
   31.2000         89.45292669         -0.38569310  
   31.4000         91.19580893         -0.31743296  
   31.6000         92.50305916         -0.29210834  
   31.8000         93.43424189         -0.38989480  
   32.0000         93.52351040         -0.31885153  
   32.2000         93.42066774         -0.36006662  
   32.4000         93.49578439         -0.36828908  
   32.6000         93.45626818         -0.36677513  
   32.8000         93.58060281         -0.32206921  
   33.0000         82.50350763         -0.34289210  
   33.2000         83.15287067         -0.34524145  
   33.4000         83.23955979         -0.31484185  
   33.6000         83.37496601         -0.34086673  
   33.8000         80.26896621         -0.36304800  
   34.0000         80.07675805         -0.22959351  
   34.2000         80.07276916         -0.40017891  
   34.4000         80.09574938         -0.29016662  
   34.6000         79.97301006         -0.33016460  
   34.8000         79.99410442         -0.40397637  
   35.0000         79.98866722         -0.33256809  
   35.2000         80.24828297         -0.32511879  
   35.4000         79.96440069         -0.38117472  
   35.6000         80.22602090         -0.30072080  
   35.8000         80.09083517         -0.34503086  
   36.0000         80.13653608         -0.32766929  
   36.2000         80.11479242         -0.30994574  
   36.4000         80.10636314         -0.33532376  
   36.6000         80.00852301         -0.27430137  
   36.8000         80.07060396         -0.38608400  
   37.0000         80.11944265         -0.29764648  
   37.2000         80.14815168         -0.32149962  
   37.4000         80.14172220         -0.27551444  
   37.6000         80.28131597         -0.44595418  
   37.8000         80.19838348         -0.30225590  
   38.0000         80.08403879         -0.29034282  
   38.2000         80.16792013         -0.25985422  
   38.4000         82.23423534         -0.34975148  
   38.6000         81.79193812         -0.33000298  
   38.8000         81.68030343         -0.33984563  
   39.0000         82.42386514         -0.48728129  
   39.2000         78.57154738         -0.39078044  
   39.4000         75.40277759         -0.39487668  
   39.6000         72.78946212         -0.42524968  
   39.8000         73.89404626         -0.36547857  
   40.0000         73.65693669         -0.34776397  
