time (ns)   horizontal Ang. vel.(rad/ns)   vertical Ang. vel.(rad/ns) @ 300 K
    0.0000          0.30797237         -1.39413450  
    0.1000         -4.92405150        221.44393000  
    0.2000       -274.81065000         75.12066700  
    0.3000       -167.90601000         23.53278000  
    0.4000       -360.47384000        -73.78556000  
    0.5000       -248.68273000         -4.06599920  
    0.6000       -274.66591000        109.37173000  
    0.7000       -397.40641000       -269.08048000  
    0.8000       -397.01396000        224.54384000  
    0.9000       -349.65907000        328.97165000  
    1.0000       -355.23790000       -171.13932000  
    1.1000       -299.14277000       -306.59673000  
    1.2000       -277.50232000       -159.14046000  
    1.3000       -308.74291000       -202.23212000  
    1.4000       -281.38668000         38.35180900  
    1.5000       -410.96056000       -147.41659000  
    1.6000       -329.89496000         25.55695100  
    1.7000       -153.45761000        -91.37755900  
    1.8000       -317.36832000        111.72700000  
    1.9000       -301.20402000       -378.18358000  
    2.0000       -345.39185000        114.09123000  
    2.1000       -242.95951000       -461.92233000  
    2.2000       -268.54985000       -139.65016000  
    2.3000       -339.58990000        145.10261000  
    2.4000       -329.49420000       -133.65489000  
    2.5000       -281.82589000       -237.97627000  
    2.6000       -312.53984000       -101.52421000  
    2.7000       -317.08497000        295.86837000  
    2.8000       -448.65455000         34.68022800  
    2.9000       -423.44259000        -34.97401200  
    3.0000       -510.44923000        -68.44892500  
    3.1000       -459.86327000        -11.00214400  
    3.2000       -421.55925000        220.60819000  
    3.3000       -383.72891000         32.69054000  
    3.4000       -429.00815000        110.07881000  
    3.5000       -433.25791000        462.65282000  
    3.6000       -449.45338000        -79.23276600  
    3.7000       -276.80196000        -53.43694200  
    3.8000       -136.95909000       -183.48066000  
    3.9000       -295.34693000       -207.71664000  
    4.0000       -338.57710000         70.06274200  
    4.1000       -221.72579000        204.03377000  
    4.2000       -243.71736000        110.25614000  
    4.3000       -175.31856000        216.28129000  
    4.4000       -297.47850000         87.07315700  
    4.5000       -309.30260000       -208.18411000  
    4.6000       -388.48721000       -149.48815000  
    4.7000       -360.03374000       -285.47981000  
    4.8000       -312.23240000         83.37779900  
    4.9000       -282.48757000        244.05428000  
    5.0000       -351.56666000       -106.79095000  
    5.1000       -299.13545000        110.90607000  
    5.2000       -282.79747000         -5.93386340  
    5.3000       -161.30035000       -334.65671000  
    5.4000       -228.53613000       -468.24383000  
    5.5000       -305.82527000        -98.81642600  
    5.6000       -329.17972000        329.55856000  
    5.7000       -251.50834000       -235.15932000  
    5.8000       -188.33360000       -210.28950000  
    5.9000       -188.63957000        121.92389000  
    6.0000       -175.02499000       -188.13962000  
    6.1000       -127.63218000        170.39716000  
    6.2000       -109.07441000        -15.40302700  
    6.3000       -151.19990000        -71.60704300  
    6.4000       -218.77760000        182.15073000  
    6.5000       -123.26933000       -385.75269000  
    6.6000       -161.77602000        164.72052000  
    6.7000       -215.44418000         83.64762400  
    6.8000       -204.16188000       -151.16416000  
    6.9000       -305.20322000         44.08200900  
    7.0000       -136.96481000         44.36701700  
    7.1000        -15.56264600         84.30187900  
    7.2000         58.17574900        165.44258000  
    7.3000         46.48733400       -229.08433000  
    7.4000        122.24394000        105.33927000  
    7.5000        135.46026000        149.49490000  
    7.6000        142.12617000       -302.18374000  
    7.7000         95.08798600       -138.87972000  
    7.8000        155.27662000        232.48792000  
    7.9000        284.99996000         -1.12072710  
    8.0000         67.99950900       -112.79366000  
    8.1000        178.25564000         79.49178100  
    8.2000         -5.26188860       -257.74528000  
    8.3000         38.63701000        100.04293000  
    8.4000         65.17483500         42.70091800  
    8.5000         82.15917500         91.85084600  
    8.6000        197.30935000       -370.81825000  
    8.7000         86.58920400        278.74686000  
    8.8000         46.74376600        271.65326000  
    8.9000         64.37432600       -174.98954000  
    9.0000         43.17438700        -79.56020100  
    9.1000        301.01232000        -50.33601900  
    9.2000        226.35672000        161.02912000  
    9.3000        156.74466000        127.34983000  
    9.4000        122.63506000         94.69390300  
    9.5000        136.40908000        -81.84008000  
    9.6000         50.54524900        282.87583000  
    9.7000          5.91881290        198.73491000  
    9.8000         33.95389600       -172.31227000  
    9.9000          3.34602550        337.36620000  
   10.0000         -4.40686230        112.58299000  
   10.1000         17.31974100        390.65551000  
   10.2000          9.49292540        185.47532000  
   10.3000        -51.70546100        -45.18576300  
   10.4000        -92.49888800        426.58521000  
   10.5000        -77.09227700         13.01161600  
   10.6000       -183.75085000        295.82227000  
   10.7000       -194.43427000        449.50689000  
   10.8000       -202.73958000        300.97063000  
   10.9000       -283.08186000        197.46026000  
   11.0000       -299.33599000       -162.75088000  
   11.1000       -408.99197000        -96.17595800  
   11.2000       -402.37070000       -189.83040000  
   11.3000       -326.51415000        312.64760000  
   11.4000       -287.51676000       -176.84978000  
   11.5000       -294.79579000        -91.50935700  
   11.6000       -246.81663000        -89.62995400  
   11.7000       -124.62267000        397.57241000  
   11.8000        -47.74013800         53.89981500  
   11.9000        104.53415000       -196.00480000  
   12.0000        132.50319000        111.12681000  
   12.1000        120.40782000        303.33228000  
   12.2000         98.85757900        -74.81311700  
   12.3000         78.13248900        -15.14563200  
   12.4000        -11.01577500        -84.00699300  
   12.5000         20.10714700        123.43747000  
   12.6000        -65.10824900         94.71883500  
   12.7000       -140.74012000        282.39211000  
   12.8000       -192.34704000        -89.48825400  
   12.9000         39.82433800        -22.08489500  
   13.0000        178.12564000       -271.26751000  
   13.1000        190.29939000        158.62630000  
   13.2000        171.16933000         -7.37624820  
   13.3000        241.00332000        114.82899000  
   13.4000        225.27988000         45.62850800  
   13.5000        384.58156000         77.66156100  
   13.6000        298.82970000       -231.52049000  
   13.7000        246.48539000       -462.40285000  
   13.8000        180.79246000       -396.45284000  
   13.9000        266.09023000       -178.69205000  
   14.0000        177.39855000        153.76508000  
   14.1000        102.73190000        142.81480000  
   14.2000        159.91959000        -29.47263000  
   14.3000        209.23613000       -111.97481000  
   14.4000         72.75114200          1.24306200  
   14.5000         47.37127400       -153.24290000  
   14.6000         52.69082000         26.32434900  
   14.7000        -14.76896700       -307.46281000  
   14.8000       -106.07269000       -503.73625000  
   14.9000       -193.71380000        133.80034000  
   15.0000       -122.11719000        198.39305000  
   15.1000       -145.91442000       -220.76378000  
   15.2000       -119.55879000       -158.82150000  
   15.3000       -194.53295000         76.48301000  
   15.4000       -231.49033000        119.07557000  
   15.5000       -159.14948000        253.48500000  
   15.6000       -157.94185000        121.67909000  
   15.7000        -10.33978600       -206.75269000  
   15.8000         96.60515400         46.42533000  
   15.9000        161.56793000        322.24021000  
   16.0000        306.28631000         95.26966600  
   16.1000        137.86442000        174.86725000  
   16.2000         34.02035900         -1.30000660  
   16.3000        115.54015000        214.38287000  
   16.4000         50.84137600        159.04404000  
   16.5000          9.15165330        -27.44695700  
   16.6000         84.04731800       -120.30164000  
   16.7000         16.18702400       -194.92158000  
   16.8000         20.89908500       -371.76121000  
   16.9000        104.05806000         67.75465300  
   17.0000        168.71297000          2.42950160  
   17.1000        138.71960000        -27.57811600  
   17.2000        261.65234000       -108.43745000  
   17.3000        228.57080000       -274.22952000  
   17.4000        121.75748000         26.75733800  
   17.5000        -46.61147300        296.81618000  
   17.6000        -86.36394100        195.84159000  
   17.7000        -47.30426800        112.44347000  
   17.8000        119.15626000       -153.66124000  
   17.9000        148.19438000       -159.11285000  
   18.0000         41.34239500        143.12431000  
   18.1000         -7.71116150         81.98356500  
   18.2000        132.70280000       -244.15136000  
   18.3000        158.39423000        -36.26172900  
   18.4000         39.22226500          8.57313130  
   18.5000         22.52431700        -73.13957400  
   18.6000        -63.47954300        156.74791000  
   18.7000       -115.91068000        228.61531000  
   18.8000       -192.32825000        -92.27187300  
   18.9000        -99.91966200       -266.68816000  
   19.0000        -50.29860300        149.61481000  
   19.1000        -48.18224600       -292.20088000  
   19.2000       -120.02973000        206.96093000  
   19.3000       -233.45194000        -21.01887200  
   19.4000       -117.61350000         13.05657800  
   19.5000         15.96584800         24.17827700  
   19.6000         15.87189200        190.95463000  
   19.7000         57.83035900         -7.10643620  
   19.8000        166.06149000        122.77443000  
   19.9000        144.23056000        242.16475000  
   20.0000        211.15534000        -37.76695400  
   20.1000         50.65779200         81.19267500  
   20.2000        163.16955000        258.04491000  
   20.3000         30.43496700        226.44006000  
   20.4000        -35.08476600        -98.36430700  
   20.5000       -108.47695000        -50.94448300  
   20.6000         -2.78488340         70.36465800  
   20.7000        -72.72972400        -35.34560700  
   20.8000         19.45999200        168.04898000  
   20.9000         61.40209600         21.00417000  
   21.0000         36.99659500        -94.71756400  
   21.1000         76.74611100        417.54492000  
   21.2000         42.85294900       -133.08435000  
   21.3000         24.89479700        328.60896000  
   21.4000        -27.35358200        -88.48193300  
   21.5000         43.78354100         -4.08606150  
   21.6000         23.36487700         32.53379700  
   21.7000         36.63861400         77.68757000  
   21.8000       -108.92422000        125.72289000  
   21.9000       -200.39602000       -344.27903000  
   22.0000       -219.96837000        301.47157000  
   22.1000        -85.68080600        464.52166000  
   22.2000        -94.78764500        158.85981000  
   22.3000       -249.19923000        189.11993000  
   22.4000       -363.60695000       -155.24782000  
   22.5000       -445.33218000        234.56263000  
   22.6000       -370.53868000        -84.25171700  
   22.7000       -403.89026000         36.60045500  
   22.8000       -277.04163000        294.04298000  
   22.9000       -257.66439000       -313.54737000  
   23.0000       -210.61965000        355.81850000  
   23.1000       -309.17562000        319.97861000  
   23.2000       -155.26750000        209.73860000  
   23.3000       -131.36036000         73.16307100  
   23.4000        -90.07028400       -243.64030000  
   23.5000          9.11494990        -77.37907500  
   23.6000         44.34759400        -22.69849600  
   23.7000        152.22207000         43.40840100  
   23.8000         71.56953100        237.76856000  
   23.9000         21.37100400        -85.69422600  
   24.0000        -61.45904500        -85.24051200  
   24.1000        -69.22487800          7.33290310  
   24.2000         13.36175500       -212.36397000  
   24.3000          8.14925020       -186.63401000  
   24.4000        114.52455000        100.35699000  
   24.5000         54.93852700          9.04061940  
   24.6000        -16.60908900        159.63931000  
   24.7000         42.76298400       -316.74684000  
   24.8000         45.88249600       -290.34539000  
   24.9000         73.71095900       -340.60528000  
   25.0000        -15.18858700        378.96598000  
   25.1000        -18.52805400       -102.11544000  
   25.2000        -62.34509400         57.79451300  
   25.3000        -75.37370500       -197.39008000  
   25.4000        -55.65686000        -49.82556900  
   25.5000       -158.68627000        339.85855000  
   25.6000       -263.73774000        138.35772000  
   25.7000       -130.15062000        225.61370000  
   25.8000       -299.01368000        -89.29856900  
   25.9000       -214.21261000        -83.62147200  
   26.0000       -167.93436000        260.01078000  
   26.1000        -80.45338500         73.06683800  
   26.2000        -83.44254000        -44.98500800  
   26.3000       -118.86339000         47.65154200  
   26.4000       -289.67088000        -18.63223300  
   26.5000       -323.77629000         40.53469300  
   26.6000       -237.86501000        232.63435000  
   26.7000       -207.94400000         23.42979900  
   26.8000       -118.67427000        -63.08926700  
   26.9000        -71.80011900        -29.05237300  
   27.0000         48.32410300         16.35344900  
   27.1000        156.83347000       -187.57698000  
   27.2000        132.17652000       -134.64687000  
   27.3000        138.11574000          9.18537020  
   27.4000         88.02291600        -42.00133700  
   27.5000         35.83958500        161.21049000  
   27.6000         93.13062000        389.71049000  
   27.7000        161.72560000         93.66450600  
   27.8000        119.29684000         86.24880700  
   27.9000        244.58078000        272.54776000  
   28.0000        222.18989000          0.83371995  
   28.1000        139.30725000        -44.86914100  
   28.2000         31.98185000         78.14115300  
   28.3000         -5.47346750        -18.20774500  
   28.4000       -103.47681000        -28.46041200  
   28.5000       -143.75297000        147.64471000  
   28.6000       -241.30095000        265.93724000  
   28.7000       -386.20958000         70.19538400  
   28.8000       -243.78984000       -149.15387000  
   28.9000       -225.54066000        -59.08344400  
   29.0000       -154.68855000        -34.86029400  
   29.1000       -200.55553000       -104.39974000  
   29.2000       -155.59676000         55.76703500  
   29.3000       -134.26168000        -36.22791600  
   29.4000        -59.87918900        265.07820000  
   29.5000        -40.45803200        386.10009000  
   29.6000        -52.53386900         32.66070300  
   29.7000        -17.85009900        200.56844000  
   29.8000        -84.26149400       -280.71679000  
   29.9000       -180.03884000         86.73393600  
   30.0000        -10.16444200        -74.43407800  
   30.1000         61.05965600        151.27523000  
   30.2000         12.64283600        188.44636000  
   30.3000        -25.52825900       -220.18007000  
   30.4000        -57.53008300       -169.42166000  
   30.5000       -105.24268000        461.20799000  
   30.6000       -131.05552000       -686.42483000  
   30.7000       -201.24753000       -754.19705000  
   30.8000       -119.33080000       -665.50840000  
   30.9000       -219.08475000       -242.96983000  
   31.0000       -159.12499000        -24.17438900  
   31.1000       -139.53447000        177.65569000  
   31.2000       -158.93779000       -175.95137000  
   31.3000       -146.16307000       -119.98578000  
   31.4000       -101.05279000        126.15472000  
   31.5000       -146.70916000        214.41129000  
   31.6000        -98.22953900       -169.81676000  
   31.7000       -115.39117000         93.42735200  
   31.8000       -139.82411000        -24.25098100  
   31.9000        -47.47083600        -47.53992400  
   32.0000        -44.99862500        -53.41101500  
   32.1000        -63.68745100        295.92996000  
   32.2000       -112.31660000       -141.08138000  
   32.3000       -135.34594000        346.23290000  
   32.4000        -62.36483800       -209.38976000  
   32.5000         71.56974000        197.82973000  
   32.6000        112.28932000        114.52404000  
   32.7000         15.99946500        104.83181000  
   32.8000         59.50435400         42.76344800  
   32.9000         30.32697000       -176.84610000  
   33.0000        -46.26587400       -317.34502000  
   33.1000         17.22526300        128.35142000  
   33.2000         -8.13305070       -176.11290000  
   33.3000       -103.25157000          5.58788810  
   33.4000        -49.91869700         -7.79725110  
   33.5000       -147.36333000        203.83438000  
   33.6000       -157.94314000         98.50907000  
   33.7000       -223.55573000        248.50611000  
   33.8000       -247.18135000        138.11139000  
   33.9000       -257.63862000        302.04011000  
   34.0000       -413.13374000         85.96244200  
   34.1000       -359.51270000        -93.81470900  
   34.2000       -336.61400000       -159.93829000  
   34.3000       -317.33570000        233.57804000  
   34.4000       -209.90515000       -166.55181000  
   34.5000       -303.60704000       -245.57983000  
   34.6000       -379.62903000        117.56112000  
   34.7000       -356.30393000        169.70883000  
   34.8000       -478.11294000        -60.11347700  
   34.9000       -485.79624000        -17.43923100  
   35.0000       -478.91078000       -175.73349000  
   35.1000       -493.99965000       -120.52459000  
   35.2000       -436.57499000       -143.04706000  
   35.3000       -466.02480000        -28.43215000  
   35.4000       -457.72010000         74.75747800  
   35.5000       -287.94393000        220.74282000  
   35.6000       -217.02337000       -110.37370000  
   35.7000       -192.55681000       -106.12709000  
   35.8000       -282.05187000         17.25712200  
   35.9000       -256.88581000         88.86570400  
   36.0000        -71.66433400        -51.72708100  
   36.1000          8.37366380       -255.65737000  
   36.2000        101.96068000       -135.11034000  
   36.3000        209.43850000        -55.77840600  
   36.4000        188.00082000        -95.45837500  
   36.5000        268.65415000          9.32200220  
   36.6000        336.70700000       -290.62384000  
   36.7000        278.73456000        -96.51254400  
   36.8000        371.40751000        -28.49967100  
   36.9000        457.55051000        181.32441000  
   37.0000        264.38780000       -185.79427000  
   37.1000        276.27472000        154.95505000  
   37.2000        241.64794000         67.63663500  
   37.3000        357.48810000       -256.16526000  
   37.4000        330.39867000        -84.92338600  
   37.5000        296.80504000         -1.26827470  
   37.6000        351.68660000        -76.03323400  
   37.7000        359.82882000         27.57864600  
   37.8000        189.94892000       -161.06467000  
   37.9000        288.77086000        163.99155000  
   38.0000        190.95387000       -129.14952000  
   38.1000        130.15137000         72.07350600  
   38.2000         63.74317800       -218.30861000  
   38.3000        120.77220000        -83.22398100  
   38.4000        192.00195000        -67.44261700  
   38.5000         89.05499000       -288.94571000  
   38.6000        109.98212000       -520.59986000  
   38.7000        177.61140000        171.51252000  
   38.8000        213.34739000        -95.51030800  
   38.9000        184.27817000        -89.03571200  
   39.0000        179.05711000        196.33155000  
   39.1000        148.87432000       -207.04239000  
   39.2000          7.29277970       -201.71018000  
   39.3000       -108.80802000        -43.96151300  
   39.4000       -208.98660000        -32.57930600  
   39.5000       -256.23733000       -143.14737000  
   39.6000       -201.22960000         13.90970600  
   39.7000       -228.25909000        336.23472000  
   39.8000       -249.85266000        195.76835000  
   39.9000       -210.68062000         60.98549900  
   40.0000       -199.19718000         38.76707300  
