Interaction Energy (eV) based on different positions during vertical rotation around z axis
C60 pentagone-down orientation
rotation Degree     point 1             point 2             point 3             point 4             point 5
    0.0000         -0.61767632         -0.62226628         -0.62634371         -0.62794641         -0.61510575 
    1.0000         -0.61771149         -0.62205035         -0.62638383         -0.62792564         -0.61506501 
    2.0000         -0.61773306         -0.62185528         -0.62638930         -0.62788017         -0.61503797 
    3.0000         -0.61781550         -0.62166310         -0.62640984         -0.62791421         -0.61504471 
    4.0000         -0.61793883         -0.62147117         -0.62637743         -0.62791360         -0.61508034 
    5.0000         -0.61805283         -0.62127614         -0.62640993         -0.62793845         -0.61513051 
    6.0000         -0.61820637         -0.62106446         -0.62640809         -0.62792514         -0.61512077 
    7.0000         -0.61834359         -0.62087721         -0.62639232         -0.62794748         -0.61511085 
    8.0000         -0.61847291         -0.62069556         -0.62640181         -0.62795133         -0.61508580 
    9.0000         -0.61866797         -0.62054099         -0.62641139         -0.62791108         -0.61501102 
   10.0000         -0.61888294         -0.62042005         -0.62644160         -0.62788078         -0.61498515 
   11.0000         -0.61905185         -0.62031445         -0.62651314         -0.62795960         -0.61503309 
   12.0000         -0.61928224         -0.62023475         -0.62653089         -0.62795370         -0.61505547 
   13.0000         -0.61946813         -0.62011693         -0.62649412         -0.62795661         -0.61500714 
   14.0000         -0.61967773         -0.62002611         -0.62651724         -0.62793913         -0.61495336 
   15.0000         -0.61984954         -0.61991439         -0.62655680         -0.62793100         -0.61496878 
   16.0000         -0.62004166         -0.61987685         -0.62657335         -0.62794230         -0.61498411 
   17.0000         -0.62024775         -0.61982900         -0.62655579         -0.62795878         -0.61502993 
   18.0000         -0.62044054         -0.61976603         -0.62650986         -0.62793161         -0.61501669 
   19.0000         -0.62065831         -0.61982239         -0.62656937         -0.62797880         -0.61501415 
   20.0000         -0.62090523         -0.61982890         -0.62658514         -0.62795771         -0.61498757 
   21.0000         -0.62120904         -0.61991923         -0.62667108         -0.62796661         -0.61492728 
   22.0000         -0.62137848         -0.62002966         -0.62667874         -0.62794974         -0.61491180 
   23.0000         -0.62166659         -0.62009505         -0.62665764         -0.62798153         -0.61492641 
   24.0000         -0.62186740         -0.62021738         -0.62670579         -0.62799273         -0.61497121 
   25.0000         -0.62200360         -0.62029204         -0.62670827         -0.62796796         -0.61492653 
   26.0000         -0.62217310         -0.62038295         -0.62666532         -0.62794244         -0.61492199 
   27.0000         -0.62236998         -0.62048004         -0.62664783         -0.62795650         -0.61489310 
   28.0000         -0.62252215         -0.62063642         -0.62664959         -0.62794511         -0.61495425 
   29.0000         -0.62270265         -0.62082554         -0.62668460         -0.62798342         -0.61499208 
   30.0000         -0.62290126         -0.62100146         -0.62669376         -0.62794328         -0.61497648 
   31.0000         -0.62302214         -0.62121265         -0.62671703         -0.62798342         -0.61499209 
   32.0000         -0.62316861         -0.62141333         -0.62671949         -0.62794512         -0.61495427 
   33.0000         -0.62325518         -0.62159668         -0.62673014         -0.62795652         -0.61489312 
   34.0000         -0.62329632         -0.62178565         -0.62673516         -0.62794246         -0.61492202 
   35.0000         -0.62335625         -0.62200852         -0.62672349         -0.62796798         -0.61492657 
   36.0000         -0.62335510         -0.62219361         -0.62666516         -0.62799275         -0.61497126 
   37.0000         -0.62334796         -0.62246373         -0.62672487         -0.62798156         -0.61492646 
   38.0000         -0.62332963         -0.62269195         -0.62675756         -0.62794977         -0.61491186 
   39.0000         -0.62330970         -0.62291244         -0.62675385         -0.62796664         -0.61492735 
   40.0000         -0.62322437         -0.62311381         -0.62678923         -0.62795774         -0.61498765 
   41.0000         -0.62310386         -0.62334342         -0.62676317         -0.62797884         -0.61501423 
   42.0000         -0.62296376         -0.62356484         -0.62675560         -0.62793165         -0.61501677 
   43.0000         -0.62280513         -0.62371194         -0.62673710         -0.62795882         -0.61503002 
   44.0000         -0.62265418         -0.62388219         -0.62673687         -0.62794234         -0.61498420 
   45.0000         -0.62252130         -0.62407419         -0.62673997         -0.62793105         -0.61496888 
   46.0000         -0.62230838         -0.62427278         -0.62677709         -0.62793918         -0.61495345 
   47.0000         -0.62218178         -0.62448144         -0.62682424         -0.62795665         -0.61500724 
   48.0000         -0.62203807         -0.62462874         -0.62682062         -0.62795375         -0.61505557 
   49.0000         -0.62182926         -0.62471943         -0.62678583         -0.62795965         -0.61503319 
   50.0000         -0.62160700         -0.62481186         -0.62678006         -0.62788083         -0.61498524 
   51.0000         -0.62140796         -0.62489642         -0.62677483         -0.62791112         -0.61501111 
   52.0000         -0.62115338         -0.62490261         -0.62677022         -0.62795137         -0.61508589 
   53.0000         -0.62092507         -0.62496402         -0.62674087         -0.62794753         -0.61511094 
   54.0000         -0.62070017         -0.62492206         -0.62669713         -0.62792518         -0.61512085 
   55.0000         -0.62051430         -0.62495488         -0.62671348         -0.62793849         -0.61513059 
   56.0000         -0.62031455         -0.62494400         -0.62673562         -0.62791363         -0.61508042 
   57.0000         -0.62011291         -0.62492849         -0.62674294         -0.62791425         -0.61504478 
   58.0000         -0.61994555         -0.62486933         -0.62670653         -0.62788021         -0.61503803 
   59.0000         -0.61972955         -0.62480187         -0.62668588         -0.62792567         -0.61506507 
   60.0000         -0.61951669         -0.62473097         -0.62672440         -0.62794644         -0.61510580 
   61.0000         -0.61930819         -0.62457316         -0.62669275         -0.62792656         -0.61506505 
   62.0000         -0.61913070         -0.62439345         -0.62662610         -0.62789661         -0.61503801 
   63.0000         -0.61893124         -0.62420844         -0.62660489         -0.62792086         -0.61504475 
   64.0000         -0.61875079         -0.62403453         -0.62657882         -0.62791022         -0.61508037 
   65.0000         -0.61861062         -0.62387687         -0.62658185         -0.62794989         -0.61513053 
   66.0000         -0.61846176         -0.62372158         -0.62655446         -0.62789185         -0.61512078 
   67.0000         -0.61833074         -0.62354596         -0.62657679         -0.62795793         -0.61511085 
   68.0000         -0.61820404         -0.62329192         -0.62655879         -0.62791155         -0.61508580 
   69.0000         -0.61808736         -0.62311523         -0.62655520         -0.62791036         -0.61501101 
   70.0000         -0.61800131         -0.62291902         -0.62656724         -0.62790891         -0.61498513 
   71.0000         -0.61794626         -0.62266963         -0.62648471         -0.62795147         -0.61503307 
   72.0000         -0.61794185         -0.62243706         -0.62645563         -0.62797369         -0.61505544 
   73.0000         -0.61794808         -0.62222935         -0.62650621         -0.62793550         -0.61500711 
   74.0000         -0.61797007         -0.62204268         -0.62651147         -0.62789719         -0.61495332 
   75.0000         -0.61805251         -0.62185422         -0.62651111         -0.62792844         -0.61496874 
   76.0000         -0.61817129         -0.62164117         -0.62647677         -0.62791468         -0.61498406 
   77.0000         -0.61826043         -0.62148960         -0.62652144         -0.62793598         -0.61502987 
   78.0000         -0.61840886         -0.62127734         -0.62650172         -0.62793376         -0.61501663 
   79.0000         -0.61853620         -0.62109941         -0.62647256         -0.62796720         -0.61501409 
   80.0000         -0.61870078         -0.62089758         -0.62644361         -0.62796688         -0.61498751 
   81.0000         -0.61886157         -0.62076269         -0.62645890         -0.62794200         -0.61492721 
   82.0000         -0.61906242         -0.62062670         -0.62644486         -0.62793653         -0.61491173 
   83.0000         -0.61924228         -0.62054091         -0.62651667         -0.62796054         -0.61492634 
   84.0000         -0.61947878         -0.62047591         -0.62651931         -0.62798388         -0.61497114 
   85.0000         -0.61966621         -0.62036265         -0.62648727         -0.62799093         -0.61492646 
   86.0000         -0.61985285         -0.62028609         -0.62648531         -0.62797723         -0.61492191 
   87.0000         -0.62003679         -0.62019378         -0.62651480         -0.62796763         -0.61489302 
   88.0000         -0.62024659         -0.62010602         -0.62647676         -0.62798177         -0.61495418 
   89.0000         -0.62044085         -0.62009184         -0.62647450         -0.62800090         -0.61499201 
   90.0000         -0.62063728         -0.62001747         -0.62639420         -0.62795629         -0.61497642 
   91.0000         -0.62083923         -0.62009185         -0.62647451         -0.62800091         -0.61499202 
   92.0000         -0.62109536         -0.62010603         -0.62647679         -0.62798178         -0.61495421 
   93.0000         -0.62138403         -0.62019379         -0.62651484         -0.62796764         -0.61489307 
   94.0000         -0.62158886         -0.62028612         -0.62648537         -0.62797726         -0.61492197 
   95.0000         -0.62183332         -0.62036268         -0.62648734         -0.62799095         -0.61492653 
   96.0000         -0.62205005         -0.62047595         -0.62651940         -0.62798391         -0.61497122 
   97.0000         -0.62218298         -0.62054094         -0.62651676         -0.62796058         -0.61492643 
   98.0000         -0.62236939         -0.62062674         -0.62644497         -0.62793657         -0.61491183 
   99.0000         -0.62255386         -0.62076274         -0.62645902         -0.62794205         -0.61492733 
  100.0000         -0.62272377         -0.62089763         -0.62644373         -0.62796693         -0.61498763 
  101.0000         -0.62291713         -0.62109947         -0.62647269         -0.62796725         -0.61501422 
  102.0000         -0.62309447         -0.62127740         -0.62650187         -0.62793382         -0.61501677 
  103.0000         -0.62322422         -0.62148966         -0.62652159         -0.62793604         -0.61503002 
  104.0000         -0.62336468         -0.62164123         -0.62647693         -0.62791474         -0.61498422 
  105.0000         -0.62345047         -0.62185429         -0.62651127         -0.62792850         -0.61496890 
  106.0000         -0.62350615         -0.62204274         -0.62651164         -0.62790222         -0.61494852 
  107.0000         -0.62354593         -0.62222942         -0.62650638         -0.62793556         -0.61500727 
  108.0000         -0.62356963         -0.62243713         -0.62645580         -0.62797375         -0.61505561 
  109.0000         -0.62356754         -0.62266969         -0.62648488         -0.62795153         -0.61503323 
  110.0000         -0.62355956         -0.62291908         -0.62656741         -0.62790897         -0.61498530 
  111.0000         -0.62354003         -0.62311529         -0.62655536         -0.62791042         -0.61501117 
  112.0000         -0.62344024         -0.62329199         -0.62655895         -0.62791161         -0.61508595 
  113.0000         -0.62333528         -0.62354602         -0.62657694         -0.62795799         -0.61511101 
  114.0000         -0.62321067         -0.62372164         -0.62655461         -0.62789191         -0.61512092 
  115.0000         -0.62307240         -0.62387693         -0.62658199         -0.62794994         -0.61513067 
  116.0000         -0.62292240         -0.62403458         -0.62657896         -0.62791027         -0.61508050 
  117.0000         -0.62277050         -0.62420850         -0.62660501         -0.62792090         -0.61504487 
  118.0000         -0.62259315         -0.62439349         -0.62662621         -0.62789664         -0.61503812 
  119.0000         -0.62243271         -0.62457320         -0.62669285         -0.62792659         -0.61506516 
  120.0000         -0.62231957         -0.62473100         -0.62672449         -0.62794647         -0.61510589 
  121.0000         -0.62211171         -0.62480190         -0.62668595         -0.62792570         -0.61506514 
  122.0000         -0.62189518         -0.62486935         -0.62670659         -0.62788023         -0.61503810 
  123.0000         -0.62170665         -0.62492851         -0.62674299         -0.62791426         -0.61504484 
  124.0000         -0.62148766         -0.62494401         -0.62673566         -0.62791364         -0.61508046 
  125.0000         -0.62122051         -0.62495489         -0.62671350         -0.62793850         -0.61513062 
  126.0000         -0.62105088         -0.62492206         -0.62669217         -0.62792518         -0.61512086 
  127.0000         -0.62084082         -0.62496401         -0.62674087         -0.62794752         -0.61511093 
  128.0000         -0.62066650         -0.62490260         -0.62677020         -0.62795136         -0.61508587 
  129.0000         -0.62046522         -0.62489640         -0.62677480         -0.62791110         -0.61501108 
  130.0000         -0.62024860         -0.62481184         -0.62678001         -0.62788081         -0.61498520 
  131.0000         -0.62006762         -0.62471940         -0.62678578         -0.62795962         -0.61503313 
  132.0000         -0.61987983         -0.62462871         -0.62682055         -0.62795372         -0.61505550 
  133.0000         -0.61967126         -0.62448140         -0.62682416         -0.62795662         -0.61500716 
  134.0000         -0.61950346         -0.62427273         -0.62677700         -0.62793914         -0.61494840 
  135.0000         -0.61930842         -0.62407415         -0.62673987         -0.62793100         -0.61496877 
  136.0000         -0.61912719         -0.62388214         -0.62673676         -0.62794229         -0.61498409 
  137.0000         -0.61895617         -0.62371189         -0.62673698         -0.62795877         -0.61502990 
  138.0000         -0.61888060         -0.62356478         -0.62675547         -0.62793159         -0.61501664 
  139.0000         -0.61870356         -0.62334336         -0.62676303         -0.62797879         -0.61501409 
  140.0000         -0.61859506         -0.62311375         -0.62678909         -0.62795769         -0.61498751 
  141.0000         -0.61847609         -0.62291238         -0.62675371         -0.62796658         -0.61492721 
  142.0000         -0.61838781         -0.62269189         -0.62675741         -0.62794971         -0.61491171 
  143.0000         -0.61834983         -0.62246367         -0.62672472         -0.62798150         -0.61492632 
  144.0000         -0.61835698         -0.62219355         -0.62666501         -0.62799270         -0.61497111 
  145.0000         -0.61833001         -0.62200846         -0.62672334         -0.62796792         -0.61492642 
  146.0000         -0.61834800         -0.62178560         -0.62673501         -0.62794240         -0.61492187 
  147.0000         -0.61846086         -0.62159662         -0.62673000         -0.62795646         -0.61489298 
  148.0000         -0.61860473         -0.62141328         -0.62671935         -0.62794506         -0.61495413 
  149.0000         -0.61868376         -0.62121259         -0.62671690         -0.62798337         -0.61499196 
  150.0000         -0.61881169         -0.62100141         -0.62669363         -0.62794324         -0.61497636 
  151.0000         -0.61894272         -0.62082549         -0.62668448         -0.62798338         -0.61499196 
  152.0000         -0.61908554         -0.62063638         -0.62664948         -0.62794507         -0.61495414 
  153.0000         -0.61927370         -0.62048000         -0.62664773         -0.62795647         -0.61489300 
  154.0000         -0.61944160         -0.62038292         -0.62666523         -0.62794241         -0.61492190 
  155.0000         -0.61963269         -0.62029201         -0.62670819         -0.62796794         -0.61492645 
  156.0000         -0.61984514         -0.62021736         -0.62670572         -0.62799271         -0.61497115 
  157.0000         -0.62003256         -0.62009504         -0.62665759         -0.62798152         -0.61492636 
  158.0000         -0.62019905         -0.62002965         -0.62667870         -0.62794973         -0.61491176 
  159.0000         -0.62042659         -0.61991923         -0.62667602         -0.62796661         -0.61492726 
  160.0000         -0.62060990         -0.61982890         -0.62659009         -0.62795771         -0.61498756 
  161.0000         -0.62079677         -0.61982240         -0.62656938         -0.62797881         -0.61501415 
  162.0000         -0.62103507         -0.61976604         -0.62650988         -0.62793162         -0.61501670 
  163.0000         -0.62117410         -0.61982902         -0.62655582         -0.62795880         -0.61502996 
  164.0000         -0.62145112         -0.61987688         -0.62657340         -0.62794232         -0.61498416 
  165.0000         -0.62171042         -0.61991938         -0.62655686         -0.62793103         -0.61496884 
  166.0000         -0.62189563         -0.62002615         -0.62651731         -0.62793917         -0.61494847 
  167.0000         -0.62209974         -0.62011698         -0.62649420         -0.62795665         -0.61500723 
  168.0000         -0.62232533         -0.62023480         -0.62653099         -0.62795375         -0.61505557 
  169.0000         -0.62246702         -0.62031451         -0.62651325         -0.62795965         -0.61503320 
  170.0000         -0.62261692         -0.62042011         -0.62644172         -0.62788084         -0.61498527 
  171.0000         -0.62281902         -0.62054106         -0.62641152         -0.62791114         -0.61501115 
  172.0000         -0.62297153         -0.62069563         -0.62640195         -0.62795139         -0.61508594 
  173.0000         -0.62314732         -0.62087728         -0.62639247         -0.62794755         -0.61511100 
  174.0000         -0.62328214         -0.62106453         -0.62640825         -0.62792521         -0.61512092 
  175.0000         -0.62340378         -0.62127622         -0.62641010         -0.62793853         -0.61513068 
  176.0000         -0.62353096         -0.62147125         -0.62637760         -0.62791367         -0.61508051 
  177.0000         -0.62362833         -0.62166318         -0.62641001         -0.62791429         -0.61504489 
  178.0000         -0.62366058         -0.62185536         -0.62638948         -0.62788025         -0.61503815 
  179.0000         -0.62369658         -0.62205043         -0.62638401         -0.62792572         -0.61506519 
  180.0000         -0.62370709         -0.62226636         -0.62634389         -0.62794649         -0.61510592 
  181.0000         -0.62369658         -0.62252164         -0.62638401         -0.62792661         -0.61506519 
  182.0000         -0.62366058         -0.62272890         -0.62638948         -0.62789666         -0.61503815 
  183.0000         -0.62362833         -0.62294669         -0.62641002         -0.62792091         -0.61504489 
  184.0000         -0.62353097         -0.62312989         -0.62637760         -0.62791028         -0.61508052 
  185.0000         -0.62340378         -0.62337030         -0.62641010         -0.62794995         -0.61513068 
  186.0000         -0.62328214         -0.62355173         -0.62640825         -0.62789191         -0.61512093 
  187.0000         -0.62314733         -0.62372218         -0.62639247         -0.62795799         -0.61511101 
  188.0000         -0.62297154         -0.62386995         -0.62640196         -0.62791161         -0.61508595 
  189.0000         -0.62281903         -0.62402861         -0.62641153         -0.62791041         -0.61501116 
  190.0000         -0.62261693         -0.62420270         -0.62644173         -0.62790896         -0.61498528 
  191.0000         -0.62246702         -0.62437110         -0.62651326         -0.62795153         -0.61503321 
  192.0000         -0.62232534         -0.62452701         -0.62653100         -0.62797374         -0.61505558 
  193.0000         -0.62209975         -0.62461524         -0.62649421         -0.62793555         -0.61500724 
  194.0000         -0.62189564         -0.62471434         -0.62651732         -0.62790220         -0.61494848 
  195.0000         -0.62171042         -0.62477001         -0.62655687         -0.62792849         -0.61496885 
  196.0000         -0.62145113         -0.62479667         -0.62657341         -0.62791472         -0.61498417 
  197.0000         -0.62117411         -0.62477834         -0.62655583         -0.62793602         -0.61502997 
  198.0000         -0.62103508         -0.62472594         -0.62650989         -0.62793380         -0.61501671 
  199.0000         -0.62079677         -0.62475780         -0.62656938         -0.62796723         -0.61501416 
  200.0000         -0.62060991         -0.62469563         -0.62659010         -0.62796691         -0.61498757 
  201.0000         -0.62042660         -0.62469829         -0.62667602         -0.62794202         -0.61492727 
  202.0000         -0.62019905         -0.62462232         -0.62667871         -0.62793654         -0.61491177 
  203.0000         -0.62003257         -0.62451357         -0.62665760         -0.62796055         -0.61492637 
  204.0000         -0.61984515         -0.62438622         -0.62670573         -0.62798389         -0.61497116 
  205.0000         -0.61963270         -0.62424174         -0.62670820         -0.62799093         -0.61492646 
  206.0000         -0.61944161         -0.62401579         -0.62666524         -0.62797723         -0.61492191 
  207.0000         -0.61927371         -0.62381947         -0.62664774         -0.62796762         -0.61489301 
  208.0000         -0.61908554         -0.62365435         -0.62664948         -0.62798176         -0.61495415 
  209.0000         -0.61894273         -0.62348126         -0.62668449         -0.62800088         -0.61499197 
  210.0000         -0.61881170         -0.62326683         -0.62669363         -0.62795626         -0.61497636 
  211.0000         -0.61868376         -0.62307242         -0.62671690         -0.62800088         -0.61499196 
  212.0000         -0.61860473         -0.62283025         -0.62671935         -0.62798175         -0.61495414 
  213.0000         -0.61846086         -0.62261610         -0.62673000         -0.62796761         -0.61489298 
  214.0000         -0.61834800         -0.62237297         -0.62673501         -0.62797722         -0.61492187 
  215.0000         -0.61833001         -0.62214200         -0.62672334         -0.62799091         -0.61492642 
  216.0000         -0.61835698         -0.62186417         -0.62666501         -0.62798387         -0.61497111 
  217.0000         -0.61834983         -0.62165176         -0.62672472         -0.62796053         -0.61492631 
  218.0000         -0.61838781         -0.62145618         -0.62675741         -0.62793652         -0.61491171 
  219.0000         -0.61847609         -0.62125505         -0.62675370         -0.62794200         -0.61492720 
  220.0000         -0.61859505         -0.62108476         -0.62678908         -0.62796688         -0.61498750 
  221.0000         -0.61870356         -0.62082778         -0.62676303         -0.62796719         -0.61501409 
  222.0000         -0.61888060         -0.62062999         -0.62675547         -0.62793376         -0.61501663 
  223.0000         -0.61895616         -0.62042787         -0.62673698         -0.62793598         -0.61502989 
  224.0000         -0.61912719         -0.62024272         -0.62673675         -0.62791468         -0.61498408 
  225.0000         -0.61930841         -0.62011046         -0.62673986         -0.62792845         -0.61496876 
  226.0000         -0.61950345         -0.61999820         -0.62677699         -0.62790216         -0.61494839 
  227.0000         -0.61967125         -0.61989727         -0.62682415         -0.62793551         -0.61500714 
  228.0000         -0.61987982         -0.61979809         -0.62682054         -0.62797370         -0.61505548 
  229.0000         -0.62006761         -0.61969657         -0.62678577         -0.62795149         -0.61503312 
  230.0000         -0.62024859         -0.61958295         -0.62678001         -0.62790892         -0.61498519 
  231.0000         -0.62046521         -0.61948896         -0.62677479         -0.62791037         -0.61501106 
  232.0000         -0.62066649         -0.61942546         -0.62677019         -0.62791157         -0.61508586 
  233.0000         -0.62084081         -0.61939189         -0.62674086         -0.62795795         -0.61511092 
  234.0000         -0.62105087         -0.61936875         -0.62669216         -0.62789188         -0.61512085 
  235.0000         -0.62122050         -0.61937103         -0.62671349         -0.62794991         -0.61513060 
  236.0000         -0.62148765         -0.61944339         -0.62673565         -0.62791025         -0.61508044 
  237.0000         -0.62170664         -0.61949609         -0.62674298         -0.62792088         -0.61504482 
  238.0000         -0.62189517         -0.61959880         -0.62670659         -0.62789663         -0.61503809 
  239.0000         -0.62211170         -0.61969595         -0.62668595         -0.62792658         -0.61506513 
  240.0000         -0.62231956         -0.61978577         -0.62672448         -0.62794647         -0.61510587 
  241.0000         -0.62243270         -0.61991285         -0.62669284         -0.62792570         -0.61506514 
  242.0000         -0.62259314         -0.62001660         -0.62662620         -0.62788024         -0.61503811 
  243.0000         -0.62277049         -0.62013118         -0.62660500         -0.62791428         -0.61504486 
  244.0000         -0.62292240         -0.62028024         -0.62657895         -0.62791366         -0.61508049 
  245.0000         -0.62307240         -0.62047178         -0.62658198         -0.62793852         -0.61513066 
  246.0000         -0.62321066         -0.62067957         -0.62655460         -0.62792521         -0.61512092 
  247.0000         -0.62333527         -0.62089743         -0.62657694         -0.62794755         -0.61511100 
  248.0000         -0.62344024         -0.62110420         -0.62655895         -0.62795140         -0.61508595 
  249.0000         -0.62354003         -0.62128853         -0.62655536         -0.62791115         -0.61501117 
  250.0000         -0.62355956         -0.62148844         -0.62656740         -0.62788085         -0.61498530 
  251.0000         -0.62356754         -0.62167723         -0.62648487         -0.62795967         -0.61503323 
  252.0000         -0.62356963         -0.62191196         -0.62645580         -0.62795377         -0.61505561 
  253.0000         -0.62354593         -0.62218159         -0.62650638         -0.62795667         -0.61500727 
  254.0000         -0.62350615         -0.62239390         -0.62651164         -0.62793920         -0.61494852 
  255.0000         -0.62345047         -0.62264216         -0.62651127         -0.62793106         -0.61496890 
  256.0000         -0.62336468         -0.62284118         -0.62647693         -0.62794235         -0.61498422 
  257.0000         -0.62322423         -0.62307764         -0.62652159         -0.62795883         -0.61503003 
  258.0000         -0.62309447         -0.62328062         -0.62650187         -0.62793166         -0.61501677 
  259.0000         -0.62291714         -0.62347805         -0.62647270         -0.62797885         -0.61501423 
  260.0000         -0.62272378         -0.62362838         -0.62644374         -0.62795775         -0.61498764 
  261.0000         -0.62255386         -0.62378513         -0.62645902         -0.62796664         -0.61492734 
  262.0000         -0.62236940         -0.62397743         -0.62644498         -0.62794977         -0.61491184 
  263.0000         -0.62218299         -0.62415403         -0.62651677         -0.62798156         -0.61492644 
  264.0000         -0.62205006         -0.62432313         -0.62651940         -0.62799275         -0.61497123 
  265.0000         -0.62183333         -0.62444466         -0.62648735         -0.62796797         -0.61492654 
  266.0000         -0.62158887         -0.62452725         -0.62648538         -0.62794245         -0.61492198 
  267.0000         -0.62138403         -0.62463613         -0.62651485         -0.62795651         -0.61489308 
  268.0000         -0.62109537         -0.62466116         -0.62647680         -0.62794511         -0.61495422 
  269.0000         -0.62083924         -0.62464631         -0.62647452         -0.62798341         -0.61499204 
  270.0000         -0.62063728         -0.62461175         -0.62639421         -0.62794327         -0.61497643 
  271.0000         -0.62044086         -0.62464630         -0.62647451         -0.62798340         -0.61499202 
  272.0000         -0.62024660         -0.62466115         -0.62647677         -0.62794509         -0.61495419 
  273.0000         -0.62003680         -0.62463611         -0.62651481         -0.62795649         -0.61489304 
  274.0000         -0.61985286         -0.62452722         -0.62648532         -0.62794242         -0.61492192 
  275.0000         -0.61966622         -0.62444462         -0.62648728         -0.62796794         -0.61492647 
  276.0000         -0.61947879         -0.62432309         -0.62651932         -0.62799271         -0.61497115 
  277.0000         -0.61924229         -0.62415398         -0.62651667         -0.62798152         -0.61492634 
  278.0000         -0.61906243         -0.62397241         -0.62644487         -0.62794972         -0.61491174 
  279.0000         -0.61886158         -0.62378507         -0.62645890         -0.62796659         -0.61492722 
  280.0000         -0.61870078         -0.62362832         -0.62644361         -0.62795769         -0.61498751 
  281.0000         -0.61853620         -0.62347798         -0.62647256         -0.62797878         -0.61501409 
  282.0000         -0.61840886         -0.62328055         -0.62650173         -0.62793159         -0.61501663 
  283.0000         -0.61826043         -0.62307757         -0.62652144         -0.62795876         -0.61502988 
  284.0000         -0.61817130         -0.62284110         -0.62647677         -0.62794228         -0.61498407 
  285.0000         -0.61805251         -0.62264207         -0.62651111         -0.62793099         -0.61496874 
  286.0000         -0.61797007         -0.62239382         -0.62651147         -0.62793912         -0.61495332 
  287.0000         -0.61794808         -0.62218150         -0.62650622         -0.62795660         -0.61500711 
  288.0000         -0.61794184         -0.62191187         -0.62645563         -0.62795369         -0.61505544 
  289.0000         -0.61794626         -0.62167715         -0.62648471         -0.62795959         -0.61503307 
  290.0000         -0.61800131         -0.62148836         -0.62656724         -0.62788077         -0.61498513 
  291.0000         -0.61808735         -0.62128845         -0.62655519         -0.62791107         -0.61501100 
  292.0000         -0.61820403         -0.62110412         -0.62655879         -0.62795132         -0.61508579 
  293.0000         -0.61833074         -0.62089735         -0.62657678         -0.62794748         -0.61511085 
  294.0000         -0.61846175         -0.62067949         -0.62655445         -0.62792514         -0.61512077 
  295.0000         -0.61861061         -0.62047171         -0.62658184         -0.62793846         -0.61513052 
  296.0000         -0.61875079         -0.62028017         -0.62657882         -0.62791360         -0.61508036 
  297.0000         -0.61893123         -0.62013112         -0.62660488         -0.62791422         -0.61504474 
  298.0000         -0.61913070         -0.62001654         -0.62662609         -0.62788018         -0.61503800 
  299.0000         -0.61930818         -0.61991279         -0.62669274         -0.62792565         -0.61506504 
  300.0000         -0.61951668         -0.61978572         -0.62672439         -0.62794642         -0.61510578 
  301.0000         -0.61972954         -0.61969591         -0.62668587         -0.62792655         -0.61506505 
  302.0000         -0.61994554         -0.61959876         -0.62670652         -0.62789660         -0.61503802 
  303.0000         -0.62011290         -0.61949606         -0.62674293         -0.62792086         -0.61504477 
  304.0000         -0.62031454         -0.61944336         -0.62673561         -0.62791023         -0.61508040 
  305.0000         -0.62051429         -0.61937101         -0.62671347         -0.62794990         -0.61513058 
  306.0000         -0.62070016         -0.61936377         -0.62669712         -0.62789187         -0.61512084 
  307.0000         -0.62092506         -0.61939189         -0.62674087         -0.62795795         -0.61511092 
  308.0000         -0.62115337         -0.61942546         -0.62677021         -0.62791157         -0.61508587 
  309.0000         -0.62140794         -0.61948897         -0.62677482         -0.62791038         -0.61501110 
  310.0000         -0.62160699         -0.61958297         -0.62678005         -0.62790894         -0.61498523 
  311.0000         -0.62182925         -0.61969659         -0.62678583         -0.62795151         -0.61503317 
  312.0000         -0.62203806         -0.61979812         -0.62682061         -0.62797373         -0.61505555 
  313.0000         -0.62218177         -0.61989731         -0.62682423         -0.62793554         -0.61500723 
  314.0000         -0.62230837         -0.61999824         -0.62677708         -0.62789724         -0.61495344 
  315.0000         -0.62252129         -0.62011050         -0.62673996         -0.62792849         -0.61496887 
  316.0000         -0.62265417         -0.62024277         -0.62673687         -0.62791473         -0.61498419 
  317.0000         -0.62280513         -0.62042792         -0.62673710         -0.62793603         -0.61503001 
  318.0000         -0.62296375         -0.62063004         -0.62675560         -0.62793382         -0.61501676 
  319.0000         -0.62310386         -0.62082784         -0.62676316         -0.62796725         -0.61501422 
  320.0000         -0.62322437         -0.62108482         -0.62678922         -0.62796694         -0.61498764 
  321.0000         -0.62330969         -0.62125512         -0.62675385         -0.62794206         -0.61492735 
  322.0000         -0.62332963         -0.62145625         -0.62675756         -0.62793658         -0.61491186 
  323.0000         -0.62334796         -0.62165183         -0.62672487         -0.62796060         -0.61492646 
  324.0000         -0.62335510         -0.62186424         -0.62666516         -0.62798394         -0.61497126 
  325.0000         -0.62335625         -0.62214207         -0.62672349         -0.62799098         -0.61492657 
  326.0000         -0.62329632         -0.62237304         -0.62673516         -0.62797728         -0.61492202 
  327.0000         -0.62325518         -0.62261617         -0.62673014         -0.62796767         -0.61489312 
  328.0000         -0.62316861         -0.62283031         -0.62671949         -0.62798182         -0.61495427 
  329.0000         -0.62302215         -0.62307249         -0.62671703         -0.62800094         -0.61499209 
  330.0000         -0.62290127         -0.62326690         -0.62669376         -0.62795632         -0.61497649 
  331.0000         -0.62270266         -0.62348133         -0.62668461         -0.62800094         -0.61499209 
  332.0000         -0.62252216         -0.62365441         -0.62664959         -0.62798181         -0.61495426 
  333.0000         -0.62236998         -0.62381953         -0.62664784         -0.62796767         -0.61489311 
  334.0000         -0.62217311         -0.62401584         -0.62666533         -0.62797728         -0.61492199 
  335.0000         -0.62200360         -0.62424178         -0.62670827         -0.62799097         -0.61492654 
  336.0000         -0.62186741         -0.62438626         -0.62670579         -0.62798393         -0.61497122 
  337.0000         -0.62166660         -0.62451360         -0.62665765         -0.62796059         -0.61492642 
  338.0000         -0.62137849         -0.62462235         -0.62667875         -0.62793657         -0.61491181 
  339.0000         -0.62120905         -0.62470328         -0.62667109         -0.62794204         -0.61492729 
  340.0000         -0.62090524         -0.62470061         -0.62658515         -0.62796692         -0.61498759 
  341.0000         -0.62065832         -0.62475780         -0.62656938         -0.62796724         -0.61501416 
  342.0000         -0.62044055         -0.62472594         -0.62650987         -0.62793380         -0.61501670 
  343.0000         -0.62024776         -0.62477833         -0.62655580         -0.62793602         -0.61502994 
  344.0000         -0.62004167         -0.62479666         -0.62657336         -0.62791471         -0.61498413 
  345.0000         -0.61984955         -0.62476999         -0.62655681         -0.62792847         -0.61496880 
  346.0000         -0.61967774         -0.62471431         -0.62651725         -0.62789722         -0.61495337 
  347.0000         -0.61946814         -0.62461520         -0.62649412         -0.62793552         -0.61500715 
  348.0000         -0.61928225         -0.62452697         -0.62653090         -0.62797371         -0.61505548 
  349.0000         -0.61905186         -0.62437105         -0.62651315         -0.62795149         -0.61503310 
  350.0000         -0.61888295         -0.62420265         -0.62644161         -0.62790892         -0.61498516 
  351.0000         -0.61866797         -0.62402855         -0.62641140         -0.62791036         -0.61501102 
  352.0000         -0.61847291         -0.62386989         -0.62640182         -0.62791155         -0.61508580 
  353.0000         -0.61834360         -0.62372211         -0.62639232         -0.62795793         -0.61511086 
  354.0000         -0.61820638         -0.62355166         -0.62640810         -0.62789185         -0.61512077 
  355.0000         -0.61805284         -0.62337022         -0.62640994         -0.62794988         -0.61513052 
  356.0000         -0.61793884         -0.62312982         -0.62637743         -0.62791021         -0.61508035 
  357.0000         -0.61781551         -0.62294662         -0.62640984         -0.62792084         -0.61504472 
  358.0000         -0.61773306         -0.62272882         -0.62638930         -0.62789659         -0.61503797 
  359.0000         -0.61771149         -0.62252155         -0.62638383         -0.62792653         -0.61506501 
  360.0000         -0.61767632         -0.62226628         -0.62634371         -0.62794641         -0.61510575 
