Interaction Energy (eV) based on different positions during vertical rotation around z axis
C60 hexagone-down orientation
rotation Degree     point 1             point 2             point 3             point 4             point 5
    0.0000         -0.64324819         -0.64476593         -0.64928392         -0.65044456         -0.63649506 
    1.0000         -0.64330646         -0.64473772         -0.64923945         -0.65048056         -0.63653344 
    2.0000         -0.64332168         -0.64473257         -0.64924050         -0.65054973         -0.63666849 
    3.0000         -0.64330946         -0.64472009         -0.64923247         -0.65063303         -0.63684618 
    4.0000         -0.64334883         -0.64472086         -0.64919113         -0.65061294         -0.63694694 
    5.0000         -0.64336958         -0.64472953         -0.64916587         -0.65053822         -0.63700405 
    6.0000         -0.64342172         -0.64478574         -0.64917749         -0.65046385         -0.63713014 
    7.0000         -0.64348475         -0.64479987         -0.64912647         -0.65051943         -0.63731862 
    8.0000         -0.64353866         -0.64481230         -0.64908884         -0.65045288         -0.63747894 
    9.0000         -0.64363766         -0.64478807         -0.64902562         -0.65037931         -0.63768374 
   10.0000         -0.64366661         -0.64484074         -0.64897672         -0.65042762         -0.63795910 
   11.0000         -0.64378863         -0.64487507         -0.64892385         -0.65031085         -0.63825264 
   12.0000         -0.64384863         -0.64492559         -0.64887162         -0.65027278         -0.63855230 
   13.0000         -0.64389047         -0.64499707         -0.64880636         -0.65017078         -0.63876978 
   14.0000         -0.64396904         -0.64504028         -0.64880432         -0.65013001         -0.63907305 
   15.0000         -0.64404357         -0.64502952         -0.64870241         -0.65017012         -0.63931927 
   16.0000         -0.64412287         -0.64503415         -0.64861984         -0.65000987         -0.63949256 
   17.0000         -0.64418184         -0.64504904         -0.64847325         -0.64992739         -0.63972156 
   18.0000         -0.64420025         -0.64502443         -0.64834347         -0.64980014         -0.63999918 
   19.0000         -0.64427625         -0.64508418         -0.64827697         -0.64970969         -0.64022290 
   20.0000         -0.64431917         -0.64509365         -0.64818944         -0.64953331         -0.64040073 
   21.0000         -0.64434323         -0.64511049         -0.64813138         -0.64946926         -0.64064416 
   22.0000         -0.64440823         -0.64518996         -0.64804848         -0.64944921         -0.64084104 
   23.0000         -0.64445828         -0.64516840         -0.64795692         -0.64944858         -0.64105879 
   24.0000         -0.64451236         -0.64512973         -0.64790715         -0.64941975         -0.64128132 
   25.0000         -0.64456063         -0.64513312         -0.64789882         -0.64941600         -0.64136686 
   26.0000         -0.64458768         -0.64515835         -0.64780871         -0.64941450         -0.64151193 
   27.0000         -0.64460744         -0.64511228         -0.64775727         -0.64938771         -0.64160683 
   28.0000         -0.64463488         -0.64512327         -0.64774960         -0.64936408         -0.64170477 
   29.0000         -0.64467028         -0.64511550         -0.64776509         -0.64938874         -0.64174664 
   30.0000         -0.64466871         -0.64516928         -0.64779001         -0.64939405         -0.64179094 
   31.0000         -0.64462497         -0.64509545         -0.64775024         -0.64938874         -0.64174664 
   32.0000         -0.64463301         -0.64511799         -0.64775970         -0.64936408         -0.64170477 
   33.0000         -0.64463339         -0.64510191         -0.64775751         -0.64938771         -0.64160683 
   34.0000         -0.64458605         -0.64513302         -0.64781399         -0.64941450         -0.64151193 
   35.0000         -0.64459599         -0.64511268         -0.64788936         -0.64941600         -0.64136686 
   36.0000         -0.64449526         -0.64509941         -0.64790780         -0.64941975         -0.64128132 
   37.0000         -0.64446315         -0.64512338         -0.64795281         -0.64944858         -0.64105879 
   38.0000         -0.64443575         -0.64513048         -0.64803965         -0.64944921         -0.64084104 
   39.0000         -0.64435458         -0.64504645         -0.64812769         -0.64946926         -0.64063920 
   40.0000         -0.64427911         -0.64506501         -0.64821079         -0.64953331         -0.64040073 
   41.0000         -0.64419980         -0.64501182         -0.64828358         -0.64970969         -0.64022290 
   42.0000         -0.64410254         -0.64498793         -0.64838023         -0.64980014         -0.63999918 
   43.0000         -0.64404745         -0.64500399         -0.64846072         -0.64992739         -0.63972156 
   44.0000         -0.64397539         -0.64498067         -0.64860750         -0.65000987         -0.63949256 
   45.0000         -0.64387317         -0.64494800         -0.64870024         -0.65017012         -0.63931927 
   46.0000         -0.64378654         -0.64497580         -0.64880243         -0.65013001         -0.63907305 
   47.0000         -0.64368614         -0.64492017         -0.64881984         -0.65017078         -0.63876978 
   48.0000         -0.64363801         -0.64484144         -0.64885567         -0.65027278         -0.63855229 
   49.0000         -0.64357259         -0.64479878         -0.64891325         -0.65031085         -0.63825263 
   50.0000         -0.64352926         -0.64475783         -0.64899632         -0.65042762         -0.63795909 
   51.0000         -0.64353434         -0.64473350         -0.64906052         -0.65037931         -0.63768374 
   52.0000         -0.64348397         -0.64473188         -0.64909944         -0.65045289         -0.63747894 
   53.0000         -0.64343458         -0.64473858         -0.64915731         -0.65051943         -0.63731862 
   54.0000         -0.64344101         -0.64471908         -0.64918390         -0.65046385         -0.63713014 
   55.0000         -0.64338960         -0.64463799         -0.64916772         -0.65053822         -0.63700405 
   56.0000         -0.64340933         -0.64464942         -0.64919830         -0.65061294         -0.63694693 
   57.0000         -0.64341011         -0.64462951         -0.64924014         -0.65063303         -0.63684617 
   58.0000         -0.64339314         -0.64464796         -0.64924862         -0.65054973         -0.63666848 
   59.0000         -0.64343844         -0.64466431         -0.64926784         -0.65048056         -0.63653344 
   60.0000         -0.64346110         -0.64468930         -0.64932281         -0.65044456         -0.63649505 
   61.0000         -0.64344642         -0.64468374         -0.64925903         -0.65049186         -0.63653344 
   62.0000         -0.64339903         -0.64465278         -0.64924567         -0.65054337         -0.63666848 
   63.0000         -0.64340896         -0.64467983         -0.64922818         -0.65057502         -0.63684617 
   64.0000         -0.64341598         -0.64473473         -0.64920218         -0.65045952         -0.63694693 
   65.0000         -0.64340410         -0.64480223         -0.64918746         -0.65030979         -0.63700405 
   66.0000         -0.64345330         -0.64484267         -0.64918472         -0.65018645         -0.63713014 
   67.0000         -0.64347423         -0.64486057         -0.64915393         -0.65009573         -0.63731862 
   68.0000         -0.64351614         -0.64489569         -0.64910184         -0.65005267         -0.63747894 
   69.0000         -0.64355383         -0.64492351         -0.64905398         -0.64993919         -0.63768374 
   70.0000         -0.64356071         -0.64499322         -0.64900570         -0.64991372         -0.63795909 
   71.0000         -0.64361083         -0.64501501         -0.64893835         -0.64978929         -0.63825263 
   72.0000         -0.64366295         -0.64506800         -0.64889655         -0.64966101         -0.63855229 
   73.0000         -0.64372244         -0.64512212         -0.64883174         -0.64950060         -0.63876978 
   74.0000         -0.64384381         -0.64518190         -0.64880516         -0.64939471         -0.63907305 
   75.0000         -0.64389167         -0.64521200         -0.64870862         -0.64922396         -0.63931927 
   76.0000         -0.64401442         -0.64524650         -0.64863621         -0.64904958         -0.63949256 
   77.0000         -0.64408684         -0.64527475         -0.64846517         -0.64886603         -0.63972156 
   78.0000         -0.64414206         -0.64527699         -0.64839022         -0.64870531         -0.63999918 
   79.0000         -0.64422911         -0.64536279         -0.64830912         -0.64857858         -0.64022290 
   80.0000         -0.64431771         -0.64540172         -0.64821195         -0.64844343         -0.64040073 
   81.0000         -0.64438721         -0.64545368         -0.64814415         -0.64837040         -0.64064416 
   82.0000         -0.64445710         -0.64550815         -0.64805157         -0.64826551         -0.64084104 
   83.0000         -0.64446783         -0.64555483         -0.64798004         -0.64821794         -0.64105879 
   84.0000         -0.64452261         -0.64556332         -0.64794524         -0.64819977         -0.64128132 
   85.0000         -0.64463071         -0.64556275         -0.64790729         -0.64808717         -0.64136686 
   86.0000         -0.64462298         -0.64558248         -0.64782227         -0.64802491         -0.64151193 
   87.0000         -0.64463237         -0.64559829         -0.64779563         -0.64796427         -0.64160683 
   88.0000         -0.64465318         -0.64562959         -0.64776818         -0.64795104         -0.64170477 
   89.0000         -0.64463636         -0.64560655         -0.64776873         -0.64793068         -0.64174664 
   90.0000         -0.64466591         -0.64560897         -0.64778861         -0.64785471         -0.64179094 
   91.0000         -0.64468272         -0.64560655         -0.64776873         -0.64793068         -0.64174664 
   92.0000         -0.64465224         -0.64562959         -0.64776818         -0.64795104         -0.64170477 
   93.0000         -0.64460480         -0.64559829         -0.64779563         -0.64796427         -0.64160683 
   94.0000         -0.64456471         -0.64558248         -0.64782227         -0.64802491         -0.64151193 
   95.0000         -0.64455673         -0.64556275         -0.64790729         -0.64808717         -0.64136686 
   96.0000         -0.64450265         -0.64556332         -0.64794524         -0.64819977         -0.64128132 
   97.0000         -0.64443250         -0.64555483         -0.64798004         -0.64821794         -0.64105879 
   98.0000         -0.64436136         -0.64550815         -0.64805156         -0.64826551         -0.64084104 
   99.0000         -0.64430991         -0.64545368         -0.64814415         -0.64837537         -0.64063920 
  100.0000         -0.64427455         -0.64540172         -0.64821195         -0.64844342         -0.64040073 
  101.0000         -0.64424027         -0.64536279         -0.64830912         -0.64857858         -0.64022290 
  102.0000         -0.64413314         -0.64527699         -0.64839022         -0.64870531         -0.63999918 
  103.0000         -0.64414326         -0.64527475         -0.64846517         -0.64886603         -0.63972156 
  104.0000         -0.64405328         -0.64524650         -0.64863621         -0.64904958         -0.63949256 
  105.0000         -0.64396796         -0.64521200         -0.64870862         -0.64922396         -0.63931927 
  106.0000         -0.64388273         -0.64518190         -0.64880516         -0.64939471         -0.63907305 
  107.0000         -0.64380863         -0.64512212         -0.64883173         -0.64950060         -0.63876977 
  108.0000         -0.64376163         -0.64506800         -0.64889655         -0.64966101         -0.63855229 
  109.0000         -0.64368680         -0.64501501         -0.64893834         -0.64978929         -0.63825263 
  110.0000         -0.64357020         -0.64499322         -0.64900569         -0.64991372         -0.63795909 
  111.0000         -0.64351732         -0.64492351         -0.64905398         -0.64993919         -0.63768374 
  112.0000         -0.64342962         -0.64489569         -0.64910184         -0.65005267         -0.63747894 
  113.0000         -0.64336754         -0.64486057         -0.64915393         -0.65009572         -0.63731862 
  114.0000         -0.64329194         -0.64484267         -0.64918471         -0.65018645         -0.63713013 
  115.0000         -0.64325764         -0.64480223         -0.64918746         -0.65030979         -0.63700405 
  116.0000         -0.64324032         -0.64473473         -0.64920218         -0.65045952         -0.63694693 
  117.0000         -0.64317513         -0.64467983         -0.64922818         -0.65057501         -0.63684617 
  118.0000         -0.64316705         -0.64465278         -0.64924566         -0.65054337         -0.63666848 
  119.0000         -0.64317666         -0.64468374         -0.64925902         -0.65049186         -0.63653344 
  120.0000         -0.64312906         -0.64468929         -0.64932281         -0.65044456         -0.63649505 
  121.0000         -0.64318356         -0.64466431         -0.64926783         -0.65048056         -0.63653344 
  122.0000         -0.64319572         -0.64464796         -0.64924861         -0.65054973         -0.63666848 
  123.0000         -0.64318094         -0.64462951         -0.64924014         -0.65063303         -0.63684617 
  124.0000         -0.64323321         -0.64464943         -0.64919830         -0.65061294         -0.63694693 
  125.0000         -0.64325731         -0.64463799         -0.64916772         -0.65053822         -0.63700405 
  126.0000         -0.64330840         -0.64471908         -0.64918390         -0.65046385         -0.63713014 
  127.0000         -0.64337576         -0.64473859         -0.64915731         -0.65051942         -0.63731862 
  128.0000         -0.64343933         -0.64473188         -0.64909944         -0.65045288         -0.63747894 
  129.0000         -0.64351359         -0.64473351         -0.64906052         -0.65037931         -0.63768374 
  130.0000         -0.64357268         -0.64475783         -0.64899631         -0.65042762         -0.63795909 
  131.0000         -0.64370035         -0.64479878         -0.64891324         -0.65031084         -0.63825263 
  132.0000         -0.64378103         -0.64484144         -0.64885567         -0.65027277         -0.63855229 
  133.0000         -0.64382868         -0.64492017         -0.64881983         -0.65017078         -0.63876978 
  134.0000         -0.64389335         -0.64497580         -0.64880242         -0.65013001         -0.63907305 
  135.0000         -0.64398872         -0.64494801         -0.64870024         -0.65017012         -0.63931927 
  136.0000         -0.64407885         -0.64498068         -0.64860749         -0.65000987         -0.63949256 
  137.0000         -0.64416356         -0.64500400         -0.64846071         -0.64992739         -0.63972156 
  138.0000         -0.64415788         -0.64498793         -0.64838023         -0.64980014         -0.63999918 
  139.0000         -0.64425920         -0.64501183         -0.64828358         -0.64970969         -0.64022290 
  140.0000         -0.64428739         -0.64506501         -0.64821079         -0.64953331         -0.64040073 
  141.0000         -0.64431142         -0.64504645         -0.64812769         -0.64946926         -0.64063920 
  142.0000         -0.64437600         -0.64513049         -0.64803965         -0.64944921         -0.64084104 
  143.0000         -0.64445978         -0.64512339         -0.64795281         -0.64944858         -0.64105879 
  144.0000         -0.64449264         -0.64509941         -0.64790780         -0.64941975         -0.64128132 
  145.0000         -0.64454883         -0.64511268         -0.64788935         -0.64941600         -0.64136686 
  146.0000         -0.64456845         -0.64513302         -0.64781399         -0.64941450         -0.64151193 
  147.0000         -0.64459511         -0.64510191         -0.64775751         -0.64938771         -0.64160683 
  148.0000         -0.64465366         -0.64511799         -0.64775970         -0.64936408         -0.64170477 
  149.0000         -0.64466499         -0.64509545         -0.64775024         -0.64938874         -0.64174664 
  150.0000         -0.64467852         -0.64516928         -0.64779001         -0.64939405         -0.64179094 
  151.0000         -0.64463447         -0.64511550         -0.64776509         -0.64938874         -0.64174664 
  152.0000         -0.64463161         -0.64512327         -0.64774960         -0.64936408         -0.64170477 
  153.0000         -0.64461549         -0.64511228         -0.64775727         -0.64938771         -0.64160683 
  154.0000         -0.64458084         -0.64515835         -0.64780871         -0.64941450         -0.64151193 
  155.0000         -0.64458806         -0.64513312         -0.64789882         -0.64941600         -0.64136686 
  156.0000         -0.64447905         -0.64512973         -0.64790715         -0.64941975         -0.64128132 
  157.0000         -0.64441824         -0.64516839         -0.64795692         -0.64944858         -0.64105879 
  158.0000         -0.64440144         -0.64518995         -0.64804848         -0.64944921         -0.64084104 
  159.0000         -0.64433047         -0.64511049         -0.64813138         -0.64946926         -0.64063920 
  160.0000         -0.64424499         -0.64509364         -0.64818944         -0.64953331         -0.64040073 
  161.0000         -0.64417027         -0.64508417         -0.64827697         -0.64970969         -0.64022290 
  162.0000         -0.64405736         -0.64502443         -0.64834347         -0.64980014         -0.63999918 
  163.0000         -0.64400621         -0.64504903         -0.64847325         -0.64992739         -0.63972156 
  164.0000         -0.64393799         -0.64503415         -0.64861983         -0.65000987         -0.63949256 
  165.0000         -0.64379984         -0.64502951         -0.64870241         -0.65017012         -0.63931927 
  166.0000         -0.64373673         -0.64504028         -0.64880432         -0.65013001         -0.63907305 
  167.0000         -0.64362502         -0.64499707         -0.64880636         -0.65017078         -0.63876977 
  168.0000         -0.64355086         -0.64492559         -0.64887162         -0.65027278         -0.63855229 
  169.0000         -0.64349931         -0.64487507         -0.64892385         -0.65031085         -0.63825263 
  170.0000         -0.64345014         -0.64484074         -0.64897672         -0.65042762         -0.63795909 
  171.0000         -0.64342968         -0.64478807         -0.64902562         -0.65037931         -0.63768374 
  172.0000         -0.64336403         -0.64481230         -0.64908884         -0.65045288         -0.63747894 
  173.0000         -0.64332938         -0.64479986         -0.64912647         -0.65051943         -0.63731862 
  174.0000         -0.64332612         -0.64478573         -0.64917749         -0.65046385         -0.63713013 
  175.0000         -0.64327038         -0.64472953         -0.64916587         -0.65053822         -0.63700405 
  176.0000         -0.64328620         -0.64472085         -0.64919113         -0.65061294         -0.63694693 
  177.0000         -0.64325381         -0.64472009         -0.64923246         -0.65063303         -0.63684617 
  178.0000         -0.64327884         -0.64473257         -0.64924049         -0.65054973         -0.63666848 
  179.0000         -0.64330697         -0.64473772         -0.64923945         -0.65048056         -0.63653344 
  180.0000         -0.64332785         -0.64476593         -0.64928392         -0.65044456         -0.63649505 
  181.0000         -0.64330697         -0.64475848         -0.64923945         -0.65049186         -0.63653344 
  182.0000         -0.64327884         -0.64472027         -0.64924049         -0.65054337         -0.63666848 
  183.0000         -0.64325381         -0.64476471         -0.64923246         -0.65057501         -0.63684617 
  184.0000         -0.64328620         -0.64480694         -0.64919113         -0.65045952         -0.63694693 
  185.0000         -0.64327038         -0.64487140         -0.64916587         -0.65030979         -0.63700405 
  186.0000         -0.64332612         -0.64490861         -0.64917749         -0.65018645         -0.63713013 
  187.0000         -0.64332938         -0.64492824         -0.64912647         -0.65009572         -0.63731862 
  188.0000         -0.64336403         -0.64493510         -0.64908884         -0.65005267         -0.63747894 
  189.0000         -0.64342968         -0.64494440         -0.64902562         -0.64993919         -0.63768374 
  190.0000         -0.64345014         -0.64503019         -0.64897672         -0.64991372         -0.63795909 
  191.0000         -0.64349931         -0.64505825         -0.64892385         -0.64978929         -0.63825263 
  192.0000         -0.64355086         -0.64511743         -0.64887162         -0.64966101         -0.63855229 
  193.0000         -0.64362502         -0.64515797         -0.64880636         -0.64950060         -0.63876977 
  194.0000         -0.64373673         -0.64521418         -0.64880431         -0.64939471         -0.63907305 
  195.0000         -0.64379984         -0.64524582         -0.64870241         -0.64922396         -0.63931927 
  196.0000         -0.64393798         -0.64527216         -0.64861983         -0.64904958         -0.63949255 
  197.0000         -0.64400620         -0.64531228         -0.64847325         -0.64886603         -0.63972156 
  198.0000         -0.64405735         -0.64529677         -0.64834347         -0.64870531         -0.63999918 
  199.0000         -0.64417027         -0.64538500         -0.64827696         -0.64857858         -0.64022290 
  200.0000         -0.64424499         -0.64542671         -0.64818944         -0.64844342         -0.64040073 
  201.0000         -0.64433047         -0.64548177         -0.64813138         -0.64837537         -0.64063919 
  202.0000         -0.64440144         -0.64553959         -0.64804848         -0.64826551         -0.64084104 
  203.0000         -0.64441824         -0.64557039         -0.64795691         -0.64821794         -0.64105879 
  204.0000         -0.64447904         -0.64556834         -0.64790715         -0.64819977         -0.64128132 
  205.0000         -0.64458806         -0.64558249         -0.64789882         -0.64808716         -0.64136686 
  206.0000         -0.64458084         -0.64559746         -0.64780871         -0.64802491         -0.64151193 
  207.0000         -0.64461549         -0.64559909         -0.64775727         -0.64796427         -0.64160683 
  208.0000         -0.64463161         -0.64564147         -0.64774960         -0.64795104         -0.64170477 
  209.0000         -0.64463447         -0.64563995         -0.64776508         -0.64793068         -0.64174664 
  210.0000         -0.64467852         -0.64563949         -0.64779001         -0.64785471         -0.64179094 
  211.0000         -0.64466499         -0.64562487         -0.64775024         -0.64793068         -0.64174664 
  212.0000         -0.64465366         -0.64566597         -0.64775969         -0.64795104         -0.64170477 
  213.0000         -0.64459511         -0.64560858         -0.64775751         -0.64796427         -0.64160683 
  214.0000         -0.64456845         -0.64561663         -0.64781399         -0.64802491         -0.64151193 
  215.0000         -0.64454883         -0.64559149         -0.64788935         -0.64808717         -0.64136686 
  216.0000         -0.64449264         -0.64559687         -0.64790780         -0.64819977         -0.64128132 
  217.0000         -0.64445978         -0.64559841         -0.64795281         -0.64821794         -0.64105879 
  218.0000         -0.64437600         -0.64556709         -0.64803965         -0.64826551         -0.64084104 
  219.0000         -0.64431142         -0.64550843         -0.64812768         -0.64837040         -0.64063920 
  220.0000         -0.64428739         -0.64550210         -0.64821079         -0.64844343         -0.64040073 
  221.0000         -0.64425920         -0.64541955         -0.64828358         -0.64857858         -0.64022290 
  222.0000         -0.64415788         -0.64536481         -0.64838023         -0.64870531         -0.63999918 
  223.0000         -0.64416356         -0.64536888         -0.64846071         -0.64886603         -0.63972156 
  224.0000         -0.64407885         -0.64533684         -0.64860749         -0.64904958         -0.63949256 
  225.0000         -0.64398872         -0.64529849         -0.64870023         -0.64922396         -0.63931927 
  226.0000         -0.64389336         -0.64528945         -0.64880242         -0.64939471         -0.63907305 
  227.0000         -0.64382869         -0.64523067         -0.64881983         -0.64950060         -0.63876978 
  228.0000         -0.64378103         -0.64516722         -0.64885567         -0.64966101         -0.63855229 
  229.0000         -0.64370035         -0.64512458         -0.64891324         -0.64978929         -0.63825263 
  230.0000         -0.64357268         -0.64510297         -0.64899631         -0.64991372         -0.63795909 
  231.0000         -0.64351359         -0.64505302         -0.64906052         -0.64993919         -0.63768374 
  232.0000         -0.64343933         -0.64501457         -0.64909944         -0.65005267         -0.63747894 
  233.0000         -0.64337577         -0.64500807         -0.64915731         -0.65009572         -0.63731862 
  234.0000         -0.64330840         -0.64497846         -0.64918390         -0.65018645         -0.63713014 
  235.0000         -0.64325731         -0.64495076         -0.64916772         -0.65030979         -0.63700405 
  236.0000         -0.64323321         -0.64488044         -0.64919830         -0.65045952         -0.63694693 
  237.0000         -0.64318094         -0.64482722         -0.64924014         -0.65057501         -0.63684617 
  238.0000         -0.64319572         -0.64479619         -0.64924861         -0.65054337         -0.63666848 
  239.0000         -0.64318356         -0.64484243         -0.64926783         -0.65049186         -0.63653344 
  240.0000         -0.64312906         -0.64483297         -0.64932281         -0.65044456         -0.63649505 
  241.0000         -0.64317666         -0.64481228         -0.64925902         -0.65048056         -0.63653344 
  242.0000         -0.64316705         -0.64479445         -0.64924566         -0.65054973         -0.63666848 
  243.0000         -0.64317513         -0.64475912         -0.64922818         -0.65063303         -0.63684617 
  244.0000         -0.64324032         -0.64477155         -0.64920218         -0.65061294         -0.63694693 
  245.0000         -0.64325764         -0.64477677         -0.64918746         -0.65053822         -0.63700405 
  246.0000         -0.64329194         -0.64482444         -0.64918471         -0.65046385         -0.63713014 
  247.0000         -0.64336754         -0.64485950         -0.64915393         -0.65051942         -0.63731862 
  248.0000         -0.64342961         -0.64486796         -0.64910184         -0.65045288         -0.63747894 
  249.0000         -0.64351732         -0.64483963         -0.64905398         -0.65037931         -0.63768374 
  250.0000         -0.64357020         -0.64488823         -0.64900569         -0.65042762         -0.63795909 
  251.0000         -0.64368679         -0.64491347         -0.64893834         -0.65031084         -0.63825263 
  252.0000         -0.64376163         -0.64497976         -0.64889655         -0.65027277         -0.63855229 
  253.0000         -0.64380863         -0.64500742         -0.64883174         -0.65017078         -0.63876977 
  254.0000         -0.64388273         -0.64505144         -0.64880516         -0.65013001         -0.63907305 
  255.0000         -0.64396796         -0.64502689         -0.64870862         -0.65017012         -0.63931927 
  256.0000         -0.64405328         -0.64505259         -0.64863621         -0.65000987         -0.63949256 
  257.0000         -0.64414325         -0.64503428         -0.64846517         -0.64992739         -0.63972156 
  258.0000         -0.64413314         -0.64504618         -0.64839022         -0.64980013         -0.63999918 
  259.0000         -0.64424027         -0.64507328         -0.64830912         -0.64970969         -0.64022290 
  260.0000         -0.64427455         -0.64509505         -0.64821195         -0.64953331         -0.64040073 
  261.0000         -0.64430991         -0.64509487         -0.64814415         -0.64946926         -0.64063920 
  262.0000         -0.64436136         -0.64517767         -0.64805157         -0.64944921         -0.64084104 
  263.0000         -0.64443250         -0.64515979         -0.64798004         -0.64944858         -0.64105879 
  264.0000         -0.64450265         -0.64513515         -0.64794524         -0.64941975         -0.64128132 
  265.0000         -0.64455673         -0.64512336         -0.64790730         -0.64941600         -0.64136686 
  266.0000         -0.64456471         -0.64513888         -0.64782227         -0.64941450         -0.64151193 
  267.0000         -0.64460481         -0.64512326         -0.64779563         -0.64938771         -0.64160683 
  268.0000         -0.64465224         -0.64511566         -0.64776818         -0.64936408         -0.64170477 
  269.0000         -0.64468272         -0.64510470         -0.64776874         -0.64938874         -0.64174664 
  270.0000         -0.64466591         -0.64514083         -0.64778861         -0.64939405         -0.64179094 
  271.0000         -0.64463636         -0.64510470         -0.64776874         -0.64938874         -0.64174664 
  272.0000         -0.64465318         -0.64511566         -0.64776818         -0.64936408         -0.64170477 
  273.0000         -0.64463237         -0.64512326         -0.64779563         -0.64938771         -0.64160683 
  274.0000         -0.64462298         -0.64513888         -0.64782227         -0.64941450         -0.64151193 
  275.0000         -0.64463072         -0.64512336         -0.64790730         -0.64941600         -0.64136686 
  276.0000         -0.64452758         -0.64513514         -0.64794525         -0.64941975         -0.64128132 
  277.0000         -0.64446784         -0.64515979         -0.64798004         -0.64944858         -0.64105879 
  278.0000         -0.64445710         -0.64517766         -0.64805157         -0.64944921         -0.64084104 
  279.0000         -0.64438721         -0.64509487         -0.64814415         -0.64946926         -0.64063920 
  280.0000         -0.64431771         -0.64509504         -0.64821195         -0.64953331         -0.64040073 
  281.0000         -0.64422912         -0.64507328         -0.64830913         -0.64970969         -0.64022290 
  282.0000         -0.64414206         -0.64504618         -0.64839022         -0.64980014         -0.63999918 
  283.0000         -0.64408685         -0.64503428         -0.64846517         -0.64992739         -0.63972156 
  284.0000         -0.64401442         -0.64505259         -0.64863621         -0.65000987         -0.63949256 
  285.0000         -0.64389167         -0.64502689         -0.64870863         -0.65017012         -0.63931927 
  286.0000         -0.64384381         -0.64505144         -0.64880516         -0.65013001         -0.63907305 
  287.0000         -0.64372244         -0.64500742         -0.64883174         -0.65017078         -0.63876978 
  288.0000         -0.64366295         -0.64497976         -0.64889656         -0.65027278         -0.63855229 
  289.0000         -0.64361083         -0.64491347         -0.64893835         -0.65031085         -0.63825263 
  290.0000         -0.64356072         -0.64488822         -0.64900570         -0.65042762         -0.63795909 
  291.0000         -0.64355383         -0.64483963         -0.64905398         -0.65037931         -0.63768374 
  292.0000         -0.64351615         -0.64486796         -0.64910185         -0.65045288         -0.63747894 
  293.0000         -0.64347423         -0.64485950         -0.64915393         -0.65051943         -0.63731862 
  294.0000         -0.64345330         -0.64482444         -0.64918472         -0.65046385         -0.63713014 
  295.0000         -0.64340410         -0.64477677         -0.64918746         -0.65053822         -0.63700405 
  296.0000         -0.64341598         -0.64477155         -0.64920218         -0.65061294         -0.63694693 
  297.0000         -0.64340896         -0.64475912         -0.64922818         -0.65063303         -0.63684617 
  298.0000         -0.64339903         -0.64479445         -0.64924567         -0.65054973         -0.63666848 
  299.0000         -0.64344643         -0.64481228         -0.64925903         -0.65048056         -0.63653344 
  300.0000         -0.64346110         -0.64483297         -0.64932281         -0.65044456         -0.63649505 
  301.0000         -0.64343844         -0.64484243         -0.64926784         -0.65049186         -0.63653344 
  302.0000         -0.64339314         -0.64479619         -0.64924862         -0.65054337         -0.63666848 
  303.0000         -0.64341011         -0.64482722         -0.64924014         -0.65057501         -0.63684617 
  304.0000         -0.64340933         -0.64488044         -0.64919830         -0.65045952         -0.63694693 
  305.0000         -0.64338960         -0.64495076         -0.64916772         -0.65030979         -0.63700405 
  306.0000         -0.64344101         -0.64497846         -0.64918390         -0.65018645         -0.63713014 
  307.0000         -0.64343458         -0.64500806         -0.64915731         -0.65009573         -0.63731862 
  308.0000         -0.64348396         -0.64501457         -0.64909944         -0.65005267         -0.63747894 
  309.0000         -0.64353434         -0.64505302         -0.64906052         -0.64993919         -0.63768374 
  310.0000         -0.64352926         -0.64510297         -0.64899632         -0.64991372         -0.63795909 
  311.0000         -0.64357259         -0.64512458         -0.64891325         -0.64978929         -0.63825263 
  312.0000         -0.64363801         -0.64516722         -0.64885567         -0.64966101         -0.63855229 
  313.0000         -0.64368614         -0.64523067         -0.64881983         -0.64950060         -0.63876977 
  314.0000         -0.64378654         -0.64528945         -0.64880243         -0.64939471         -0.63907305 
  315.0000         -0.64387316         -0.64529849         -0.64870024         -0.64922396         -0.63931927 
  316.0000         -0.64397538         -0.64533684         -0.64860749         -0.64904958         -0.63949256 
  317.0000         -0.64404744         -0.64536888         -0.64846071         -0.64886603         -0.63972156 
  318.0000         -0.64410254         -0.64536481         -0.64838023         -0.64870531         -0.63999918 
  319.0000         -0.64419979         -0.64541955         -0.64828358         -0.64857858         -0.64022290 
  320.0000         -0.64427911         -0.64550210         -0.64821079         -0.64844342         -0.64040073 
  321.0000         -0.64435458         -0.64550843         -0.64812768         -0.64837040         -0.64063920 
  322.0000         -0.64443575         -0.64556709         -0.64803965         -0.64826551         -0.64084104 
  323.0000         -0.64446315         -0.64559841         -0.64795281         -0.64821794         -0.64105879 
  324.0000         -0.64449526         -0.64559687         -0.64790780         -0.64819977         -0.64128132 
  325.0000         -0.64459598         -0.64559148         -0.64788935         -0.64808716         -0.64136686 
  326.0000         -0.64458605         -0.64561663         -0.64781399         -0.64802491         -0.64151193 
  327.0000         -0.64463339         -0.64560858         -0.64775751         -0.64796427         -0.64160683 
  328.0000         -0.64463301         -0.64566597         -0.64775969         -0.64795104         -0.64170477 
  329.0000         -0.64462497         -0.64562487         -0.64775024         -0.64793068         -0.64174664 
  330.0000         -0.64466871         -0.64563948         -0.64779001         -0.64785471         -0.64179094 
  331.0000         -0.64467028         -0.64563995         -0.64776508         -0.64793068         -0.64174664 
  332.0000         -0.64463488         -0.64564147         -0.64774960         -0.64795104         -0.64170477 
  333.0000         -0.64460744         -0.64559909         -0.64775727         -0.64796427         -0.64160683 
  334.0000         -0.64458768         -0.64559746         -0.64780871         -0.64802491         -0.64151193 
  335.0000         -0.64456063         -0.64558249         -0.64789882         -0.64808716         -0.64136686 
  336.0000         -0.64451236         -0.64556834         -0.64790715         -0.64819977         -0.64128132 
  337.0000         -0.64445829         -0.64557039         -0.64795691         -0.64821794         -0.64105879 
  338.0000         -0.64440823         -0.64553959         -0.64804848         -0.64826551         -0.64084104 
  339.0000         -0.64434323         -0.64548177         -0.64813138         -0.64837040         -0.64064416 
  340.0000         -0.64431917         -0.64542671         -0.64818944         -0.64844342         -0.64040073 
  341.0000         -0.64427625         -0.64538500         -0.64827696         -0.64857858         -0.64022290 
  342.0000         -0.64420025         -0.64529677         -0.64834347         -0.64870531         -0.63999918 
  343.0000         -0.64418184         -0.64531228         -0.64847325         -0.64886603         -0.63972156 
  344.0000         -0.64412287         -0.64527216         -0.64861983         -0.64904958         -0.63949256 
  345.0000         -0.64404357         -0.64524582         -0.64870241         -0.64922396         -0.63931927 
  346.0000         -0.64396904         -0.64521418         -0.64880432         -0.64939471         -0.63907305 
  347.0000         -0.64389047         -0.64515797         -0.64880636         -0.64950060         -0.63876978 
  348.0000         -0.64384863         -0.64511743         -0.64887162         -0.64966101         -0.63855230 
  349.0000         -0.64378863         -0.64505826         -0.64892385         -0.64978929         -0.63825264 
  350.0000         -0.64366661         -0.64503019         -0.64897672         -0.64991372         -0.63795910 
  351.0000         -0.64363766         -0.64494440         -0.64902562         -0.64993919         -0.63768374 
  352.0000         -0.64353866         -0.64493510         -0.64908884         -0.65005267         -0.63747894 
  353.0000         -0.64348475         -0.64492824         -0.64912647         -0.65009573         -0.63731862 
  354.0000         -0.64342172         -0.64490862         -0.64917749         -0.65018645         -0.63713014 
  355.0000         -0.64336958         -0.64487140         -0.64916587         -0.65030979         -0.63700405 
  356.0000         -0.64334883         -0.64480695         -0.64919113         -0.65045952         -0.63694694 
  357.0000         -0.64330946         -0.64476472         -0.64923247         -0.65057501         -0.63684618 
  358.0000         -0.64332168         -0.64472028         -0.64924050         -0.65054337         -0.63666849 
  359.0000         -0.64330646         -0.64475848         -0.64923945         -0.65049186         -0.63653344 
  360.0000         -0.64324819         -0.64476593         -0.64928392         -0.65044456         -0.63649506 
